iter	k	algo	totaltime	relerr
0	16	0	0.32438	0.294065
1	16	0	0.582413	0.279508
2	16	0	0.842145	0.269203
3	16	0	1.11066	0.261216
4	16	0	1.36569	0.254855
5	16	0	1.62151	0.24967
6	16	0	1.87812	0.245364
7	16	0	2.13493	0.24173
8	16	0	2.39043	0.238621
9	16	0	2.65146	0.235927
10	16	0	2.91071	0.233569
11	16	0	3.16551	0.231482
12	16	0	3.452	0.229617
13	16	0	3.70786	0.227934
14	16	0	3.96702	0.226401
15	16	0	4.22248	0.22499
16	16	0	4.47958	0.223678
17	16	0	4.73467	0.222445
18	16	0	4.99032	0.221272
19	16	0	5.244	0.220143
20	16	0	5.49891	0.219042
21	16	0	5.75319	0.217955
22	16	0	6.01148	0.216868
23	16	0	6.28434	0.215767
24	16	0	6.54258	0.214639
25	16	0	6.83054	0.213472
26	16	0	7.08732	0.212255
27	16	0	7.34371	0.210978
28	16	0	7.59857	0.209634
29	16	0	7.85153	0.208217
0	16	1	0.324988	0.340429
1	16	1	0.585802	0.332188
2	16	1	0.857567	0.327303
3	16	1	1.12271	0.326621
4	16	1	1.38199	0.325953
5	16	1	1.63854	0.325673
6	16	1	1.93929	0.325646
7	16	1	2.19952	0.32574
8	16	1	2.4646	0.325898
9	16	1	2.72624	0.32606
10	16	1	2.98815	0.32626
11	16	1	3.24825	0.326709
12	16	1	3.50859	0.327049
13	16	1	3.77168	0.326177
14	16	1	4.032	0.325873
15	16	1	4.29293	0.325802
16	16	1	4.55278	0.325712
17	16	1	4.81059	0.325494
18	16	1	5.08072	0.325441
19	16	1	5.33944	0.325465
20	16	1	5.63007	0.325487
21	16	1	5.89297	0.325537
22	16	1	6.16755	0.325589
23	16	1	6.42439	0.325595
24	16	1	6.70259	0.325586
25	16	1	6.96072	0.325574
26	16	1	7.22117	0.325585
27	16	1	7.48519	0.3256
28	16	1	7.74265	0.325545
29	16	1	8.00786	0.325513
0	16	2	0.324933	0.205337
1	16	2	0.582558	0.157627
2	16	2	0.844673	0.140942
3	16	2	1.10259	0.138147
4	16	2	1.36188	0.137385
5	16	2	1.61991	0.136974
6	16	2	1.87689	0.136589
7	16	2	2.13554	0.136198
8	16	2	2.39115	0.135824
9	16	2	2.6482	0.135496
10	16	2	2.90423	0.135214
11	16	2	3.16002	0.134977
12	16	2	3.41542	0.134792
13	16	2	3.67136	0.134647
14	16	2	3.93276	0.134535
15	16	2	4.18958	0.134444
16	16	2	4.44913	0.134368
17	16	2	4.70432	0.134305
18	16	2	4.96073	0.134251
19	16	2	5.21539	0.134204
20	16	2	5.47162	0.134161
21	16	2	5.73248	0.134122
22	16	2	5.98789	0.134086
23	16	2	6.2428	0.134051
24	16	2	6.50125	0.134018
25	16	2	6.75432	0.133985
26	16	2	7.01345	0.133953
27	16	2	7.26916	0.133921
28	16	2	7.52391	0.133889
29	16	2	7.77931	0.133857
0	16	4	0.334734	0.2054
1	16	4	0.599966	0.160532
2	16	4	0.886682	0.143211
3	16	4	1.14917	0.138584
4	16	4	1.41464	0.13758
5	16	4	1.67603	0.137142
6	16	4	1.95342	0.136881
7	16	4	2.21487	0.136699
8	16	4	2.47997	0.136576
9	16	4	2.74612	0.136497
10	16	4	3.04097	0.136444
11	16	4	3.30059	0.136408
12	16	4	3.56122	0.13638
13	16	4	3.86566	0.136357
14	16	4	4.12743	0.136338
15	16	4	4.38977	0.136322
16	16	4	4.66127	0.136309
17	16	4	4.92118	0.136297
18	16	4	5.18248	0.136287
19	16	4	5.44419	0.136279
20	16	4	5.70529	0.136272
21	16	4	5.96436	0.136266
22	16	4	6.22993	0.136262
23	16	4	6.49049	0.136258
24	16	4	6.75175	0.136255
25	16	4	7.02196	0.136253
26	16	4	7.28055	0.136251
27	16	4	7.53944	0.136249
28	16	4	7.79888	0.136248
29	16	4	8.08716	0.136247
0	16	5	0.413499	0.205602
1	16	5	0.913059	0.15053
2	16	5	1.28162	0.136497
3	16	5	1.6699	0.133956
4	16	5	2.01513	0.133014
5	16	5	2.35871	0.13257
6	16	5	2.77939	0.132325
7	16	5	3.33696	0.132171
8	16	5	3.82693	0.132064
9	16	5	4.32101	0.131982
10	16	5	4.8079	0.131918
11	16	5	5.31643	0.131866
12	16	5	5.8382	0.131822
13	16	5	6.34361	0.131785
14	16	5	6.84486	0.131753
15	16	5	7.32956	0.131726
16	16	5	7.82591	0.131702
17	16	5	8.37766	0.13168
18	16	5	8.91361	0.131661
19	16	5	9.40084	0.131644
20	16	5	9.88507	0.131629
21	16	5	10.3773	0.131615
22	16	5	10.9429	0.131602
23	16	5	11.4951	0.13159
24	16	5	11.9783	0.131579
25	16	5	12.5126	0.131569
26	16	5	12.9903	0.13156
27	16	5	13.4773	0.131551
28	16	5	14.0521	0.131543
29	16	5	14.5431	0.131536
0	16	6	0.323701	0.324835
1	16	6	0.584275	0.296633
2	16	6	0.844763	0.288689
3	16	6	1.1022	0.286399
4	16	6	1.35899	0.284384
5	16	6	1.61541	0.283287
6	16	6	1.87061	0.28275
7	16	6	2.12987	0.283544
8	16	6	2.38511	0.285284
9	16	6	2.64225	0.283091
10	16	6	2.8988	0.282056
11	16	6	3.15392	0.281989
12	16	6	3.408	0.282231
13	16	6	3.66496	0.282537
14	16	6	3.93331	0.282412
15	16	6	4.18576	0.282074
16	16	6	4.44119	0.28188
17	16	6	4.73756	0.281811
18	16	6	4.99377	0.281788
19	16	6	5.2519	0.281779
20	16	6	5.51421	0.281774
21	16	6	5.76815	0.281772
22	16	6	6.0259	0.28177
23	16	6	6.28012	0.281769
24	16	6	6.53324	0.281767
25	16	6	6.78751	0.281767
26	16	6	7.05025	0.281766
27	16	6	7.30438	0.281765
28	16	6	7.55883	0.281765
29	16	6	7.81775	0.281764
0	32	0	0.340256	0.257421
1	32	0	0.608417	0.250408
2	32	0	0.872993	0.245459
3	32	0	1.14038	0.24132
4	32	0	1.404	0.237805
5	32	0	1.66717	0.234778
6	32	0	1.93737	0.232141
7	32	0	2.20151	0.229818
8	32	0	2.46583	0.227752
9	32	0	2.73005	0.225896
10	32	0	2.99487	0.224214
11	32	0	3.25862	0.222676
12	32	0	3.52203	0.221255
13	32	0	3.79037	0.21993
14	32	0	4.05502	0.218681
15	32	0	4.32208	0.217491
16	32	0	4.58711	0.216343
17	32	0	4.85622	0.215221
18	32	0	5.1264	0.21411
19	32	0	5.39223	0.212995
20	32	0	5.65588	0.21186
21	32	0	5.92013	0.21069
22	32	0	6.19501	0.20947
23	32	0	6.45887	0.208182
24	32	0	6.72494	0.206814
25	32	0	6.99882	0.205351
26	32	0	7.26727	0.203782
27	32	0	7.53792	0.202099
28	32	0	7.80092	0.200297
29	32	0	8.06516	0.19838
0	32	1	0.340535	0.339054
1	32	1	0.638362	0.330369
2	32	1	0.911746	0.327551
3	32	1	1.19317	0.325925
4	32	1	1.4645	0.325475
5	32	1	1.73488	0.325324
6	32	1	2.01328	0.325238
7	32	1	2.2824	0.32522
8	32	1	2.55523	0.325205
9	32	1	2.82368	0.325148
10	32	1	3.10875	0.32512
11	32	1	3.37789	0.325138
12	32	1	3.64907	0.325124
13	32	1	3.91702	0.325083
14	32	1	4.18875	0.325067
15	32	1	4.46816	0.325055
16	32	1	4.73874	0.325042
17	32	1	5.00917	0.325039
18	32	1	5.27919	0.325042
19	32	1	5.55797	0.325048
20	32	1	5.83072	0.325024
21	32	1	6.11119	0.325008
22	32	1	6.38422	0.325
23	32	1	6.65379	0.324994
24	32	1	6.93789	0.324988
25	32	1	7.20726	0.324981
26	32	1	7.47749	0.324991
27	32	1	7.74809	0.325002
28	32	1	8.02279	0.32501
29	32	1	8.29195	0.325019
0	32	2	0.34952	0.185183
1	32	2	0.620715	0.131192
2	32	2	0.894337	0.120446
3	32	2	1.16321	0.117003
4	32	2	1.42918	0.115071
5	32	2	1.69552	0.113605
6	32	2	1.96444	0.112427
7	32	2	2.22943	0.111459
8	32	2	2.49766	0.110649
9	32	2	2.77697	0.110017
10	32	2	3.04573	0.109525
11	32	2	3.30956	0.109169
12	32	2	3.57548	0.108909
13	32	2	3.8405	0.108709
14	32	2	4.11655	0.108544
15	32	2	4.41637	0.108403
16	32	2	4.6859	0.10828
17	32	2	4.95517	0.108179
18	32	2	5.22495	0.108095
19	32	2	5.49162	0.108023
20	32	2	5.76198	0.107958
21	32	2	6.02821	0.107898
22	32	2	6.29683	0.107839
23	32	2	6.56745	0.10778
24	32	2	6.83577	0.107723
25	32	2	7.09945	0.107667
26	32	2	7.36857	0.107613
27	32	2	7.63547	0.107566
28	32	2	7.89995	0.107521
29	32	2	8.16973	0.107478
0	32	4	0.35132	0.189558
1	32	4	0.626014	0.125063
2	32	4	0.907084	0.114425
3	32	4	1.18302	0.111367
4	32	4	1.46663	0.109784
5	32	4	1.74691	0.108921
6	32	4	2.02316	0.108484
7	32	4	2.30716	0.108241
8	32	4	2.58588	0.108085
9	32	4	2.86313	0.107976
10	32	4	3.15063	0.107894
11	32	4	3.42523	0.10783
12	32	4	3.6988	0.107779
13	32	4	3.98377	0.107735
14	32	4	4.25604	0.107698
15	32	4	4.5268	0.107666
16	32	4	4.82603	0.107637
17	32	4	5.10009	0.107611
18	32	4	5.37588	0.107588
19	32	4	5.67707	0.107567
20	32	4	5.95278	0.107548
21	32	4	6.22346	0.107531
22	32	4	6.50043	0.107516
23	32	4	6.77294	0.107502
24	32	4	7.05833	0.107489
25	32	4	7.34203	0.107478
26	32	4	7.62385	0.107469
27	32	4	7.89501	0.10746
28	32	4	8.20932	0.107452
29	32	4	8.47799	0.107444
0	32	5	0.510224	0.185007
1	32	5	1.1152	0.117733
2	32	5	1.6541	0.108996
3	32	5	2.09627	0.106358
4	32	5	2.54271	0.105431
5	32	5	2.96928	0.104972
6	32	5	3.4762	0.104693
7	32	5	4.13622	0.104506
8	32	5	4.72091	0.10437
9	32	5	5.31776	0.104265
10	32	5	5.95321	0.104181
11	32	5	6.60414	0.104113
12	32	5	7.18166	0.104055
13	32	5	7.75912	0.104006
14	32	5	8.34628	0.103963
15	32	5	8.95877	0.103926
16	32	5	9.5348	0.103893
17	32	5	10.1197	0.103863
18	32	5	10.7733	0.103836
19	32	5	11.4696	0.103812
20	32	5	12.0419	0.10379
21	32	5	12.6028	0.10377
22	32	5	13.2145	0.103751
23	32	5	13.8614	0.103734
24	32	5	14.4396	0.103719
25	32	5	15.0201	0.103704
26	32	5	15.6326	0.103691
27	32	5	16.2859	0.103678
28	32	5	16.8646	0.103667
29	32	5	17.4426	0.103656
0	32	6	0.337805	0.320448
1	32	6	0.607062	0.292682
2	32	6	0.874651	0.286964
3	32	6	1.13937	0.285324
4	32	6	1.40278	0.282361
5	32	6	1.67875	0.280988
6	32	6	1.94811	0.281724
7	32	6	2.21283	0.281461
8	32	6	2.47895	0.279277
9	32	6	2.74314	0.278524
10	32	6	3.0116	0.278558
11	32	6	3.2762	0.278214
12	32	6	3.53802	0.277816
13	32	6	3.80286	0.27749
14	32	6	4.07752	0.277297
15	32	6	4.34285	0.277266
16	32	6	4.61037	0.277255
17	32	6	4.8768	0.27725
18	32	6	5.14063	0.277247
19	32	6	5.41389	0.277246
20	32	6	5.68038	0.277244
21	32	6	5.94428	0.277244
22	32	6	6.21223	0.277243
23	32	6	6.48278	0.277242
24	32	6	6.74762	0.277242
25	32	6	7.01143	0.277242
26	32	6	7.27747	0.277242
27	32	6	7.54143	0.277241
28	32	6	7.8089	0.277241
29	32	6	8.07308	0.277241
0	48	0	0.348965	0.23902
1	48	0	0.627221	0.234782
2	48	0	0.901107	0.231991
3	48	0	1.17279	0.229556
4	48	0	1.44321	0.227409
5	48	0	1.7147	0.225499
6	48	0	1.98541	0.223785
7	48	0	2.25521	0.222234
8	48	0	2.52407	0.22082
9	48	0	2.79205	0.219519
10	48	0	3.06156	0.218314
11	48	0	3.33424	0.217187
12	48	0	3.60216	0.216125
13	48	0	3.87088	0.215114
14	48	0	4.14338	0.214142
15	48	0	4.41284	0.213196
16	48	0	4.68257	0.212266
17	48	0	4.95534	0.21134
18	48	0	5.22474	0.210405
19	48	0	5.49039	0.20945
20	48	0	5.76029	0.20846
21	48	0	6.03011	0.207422
22	48	0	6.29688	0.206323
23	48	0	6.56432	0.205146
24	48	0	6.83615	0.203876
25	48	0	7.10724	0.202501
26	48	0	7.37367	0.201005
27	48	0	7.64231	0.199379
28	48	0	7.90837	0.197614
29	48	0	8.18188	0.195709
0	48	1	0.35201	0.337814
1	48	1	0.667539	0.330777
2	48	1	0.94712	0.328135
3	48	1	1.23632	0.325957
4	48	1	1.51254	0.325605
5	48	1	1.78948	0.325544
6	48	1	2.07595	0.32606
7	48	1	2.34985	0.326569
8	48	1	2.62352	0.326087
9	48	1	2.89601	0.325695
10	48	1	3.1694	0.325313
11	48	1	3.44463	0.32524
12	48	1	3.73451	0.325065
13	48	1	4.01606	0.324966
14	48	1	4.29635	0.324894
15	48	1	4.57214	0.324865
16	48	1	4.8473	0.324866
17	48	1	5.11983	0.324886
18	48	1	5.41634	0.324874
19	48	1	5.69324	0.324907
20	48	1	5.97366	0.32491
21	48	1	6.25352	0.324882
22	48	1	6.53228	0.324852
23	48	1	6.82405	0.324837
24	48	1	7.09824	0.324844
25	48	1	7.36883	0.324871
26	48	1	7.64286	0.324887
27	48	1	7.93247	0.324855
28	48	1	8.20522	0.324866
29	48	1	8.49487	0.324886
0	48	2	0.358549	0.173394
1	48	2	0.638542	0.124455
2	48	2	0.917378	0.110706
3	48	2	1.19882	0.106888
4	48	2	1.47624	0.104211
5	48	2	1.75499	0.10231
6	48	2	2.02724	0.101043
7	48	2	2.29938	0.100218
8	48	2	2.57059	0.0995728
9	48	2	2.84159	0.0990032
10	48	2	3.11365	0.0984887
11	48	2	3.39252	0.0980281
12	48	2	3.66848	0.0976377
13	48	2	3.94006	0.0973208
14	48	2	4.21695	0.097061
15	48	2	4.48399	0.0968456
16	48	2	4.7547	0.0966684
17	48	2	5.02347	0.0965279
18	48	2	5.29576	0.0964095
19	48	2	5.56309	0.0963042
20	48	2	5.83368	0.0962135
21	48	2	6.10835	0.0961383
22	48	2	6.39056	0.0960721
23	48	2	6.66897	0.0960102
24	48	2	6.94312	0.0959532
25	48	2	7.21901	0.0958976
26	48	2	7.49177	0.0958414
27	48	2	7.76486	0.0957852
28	48	2	8.03631	0.0957281
29	48	2	8.3071	0.0956673
0	48	4	0.368051	0.173711
1	48	4	0.679469	0.107636
2	48	4	0.973041	0.0986207
3	48	4	1.25834	0.0958185
4	48	4	1.54731	0.0947409
5	48	4	1.84199	0.0941854
6	48	4	2.12712	0.093854
7	48	4	2.44594	0.093633
8	48	4	2.73002	0.0934749
9	48	4	3.01843	0.0933559
10	48	4	3.29864	0.0932653
11	48	4	3.58271	0.0931927
12	48	4	3.8635	0.0931326
13	48	4	4.17984	0.0930817
14	48	4	4.46437	0.0930382
15	48	4	4.77842	0.0930008
16	48	4	5.06492	0.0929684
17	48	4	5.34522	0.0929401
18	48	4	5.63323	0.0929152
19	48	4	5.91507	0.0928934
20	48	4	6.19551	0.092874
21	48	4	6.50055	0.0928563
22	48	4	6.78316	0.0928402
23	48	4	7.06191	0.0928254
24	48	4	7.3487	0.0928117
25	48	4	7.6305	0.092799
26	48	4	7.934	0.0927872
27	48	4	8.21976	0.0927761
28	48	4	8.50297	0.0927657
29	48	4	8.78264	0.0927557
0	48	5	0.628364	0.166359
1	48	5	1.31924	0.104016
2	48	5	1.91334	0.0950731
3	48	5	2.47938	0.092568
4	48	5	3.09934	0.0915495
5	48	5	3.64041	0.0910151
6	48	5	4.16993	0.0906911
7	48	5	4.85608	0.0904743
8	48	5	5.53673	0.0903174
9	48	5	6.28278	0.0901968
10	48	5	7.03597	0.0900995
11	48	5	7.79928	0.090018
12	48	5	8.4623	0.0899476
13	48	5	9.11997	0.0898856
14	48	5	9.79519	0.0898307
15	48	5	10.4681	0.0897819
16	48	5	11.225	0.0897383
17	48	5	11.9596	0.0896993
18	48	5	12.6992	0.0896642
19	48	5	13.4133	0.0896324
20	48	5	14.0819	0.0896036
21	48	5	14.7477	0.0895774
22	48	5	15.4016	0.0895537
23	48	5	16.1091	0.0895322
24	48	5	16.8399	0.0895127
25	48	5	17.5475	0.089495
26	48	5	18.226	0.089479
27	48	5	18.9139	0.0894643
28	48	5	19.6048	0.0894509
29	48	5	20.2635	0.0894386
0	48	6	0.360028	0.307626
1	48	6	0.635634	0.29102
2	48	6	0.909232	0.283182
3	48	6	1.17544	0.280988
4	48	6	1.45554	0.279194
5	48	6	1.73029	0.278379
6	48	6	2.00637	0.278623
7	48	6	2.27825	0.280457
8	48	6	2.54945	0.278448
9	48	6	2.82579	0.277321
10	48	6	3.09108	0.277033
11	48	6	3.35962	0.276566
12	48	6	3.62754	0.276091
13	48	6	3.89644	0.275808
14	48	6	4.16188	0.275673
15	48	6	4.43166	0.275548
16	48	6	4.70484	0.275453
17	48	6	4.97005	0.275362
18	48	6	5.24608	0.275355
19	48	6	5.51393	0.275351
20	48	6	5.77978	0.275348
21	48	6	6.04675	0.275346
22	48	6	6.31931	0.275344
23	48	6	6.58721	0.275342
24	48	6	6.86234	0.275341
25	48	6	7.13062	0.27534
26	48	6	7.39883	0.275339
27	48	6	7.67031	0.275339
28	48	6	7.94242	0.275338
29	48	6	8.21698	0.275338
0	64	0	0.356543	0.230049
1	64	0	0.63626	0.226763
2	64	0	0.915289	0.224795
3	64	0	1.19535	0.223042
4	64	0	1.47586	0.221466
5	64	0	1.75481	0.220038
6	64	0	2.03844	0.218733
7	64	0	2.31554	0.217531
8	64	0	2.59526	0.216414
9	64	0	2.86947	0.215366
10	64	0	3.15155	0.214374
11	64	0	3.4266	0.213425
12	64	0	3.7274	0.212507
13	64	0	4.00143	0.211607
14	64	0	4.27653	0.210714
15	64	0	4.55038	0.209816
16	64	0	4.82811	0.208899
17	64	0	5.10833	0.20795
18	64	0	5.38358	0.206954
19	64	0	5.65788	0.205896
20	64	0	5.9406	0.204761
21	64	0	6.22106	0.203533
22	64	0	6.49686	0.202195
23	64	0	6.77441	0.200735
24	64	0	7.05227	0.199141
25	64	0	7.33846	0.197405
26	64	0	7.61937	0.195528
27	64	0	7.89418	0.193514
28	64	0	8.17047	0.191376
29	64	0	8.44728	0.189137
0	64	1	0.440985	0.338127
1	64	1	0.737057	0.328635
2	64	1	1.02175	0.326557
3	64	1	1.3396	0.325902
4	64	1	1.62988	0.325429
5	64	1	1.92907	0.325355
6	64	1	2.21676	0.325384
7	64	1	2.50533	0.325391
8	64	1	2.81972	0.325419
9	64	1	3.10459	0.325496
10	64	1	3.39054	0.325575
11	64	1	3.70043	0.325524
12	64	1	3.98545	0.325444
13	64	1	4.28405	0.325366
14	64	1	4.58297	0.325293
15	64	1	4.86966	0.325259
16	64	1	5.16535	0.325228
17	64	1	5.44906	0.325216
18	64	1	5.7401	0.325198
19	64	1	6.02672	0.32522
20	64	1	6.31407	0.325239
21	64	1	6.60226	0.325238
22	64	1	6.91208	0.325222
23	64	1	7.20071	0.325202
24	64	1	7.499	0.325163
25	64	1	7.78516	0.325142
26	64	1	8.06803	0.325149
27	64	1	8.35479	0.325156
28	64	1	8.66711	0.325157
29	64	1	8.9566	0.325134
0	64	2	0.368164	0.163054
1	64	2	0.656359	0.117276
2	64	2	0.938301	0.104315
3	64	2	1.22232	0.0993777
4	64	2	1.50334	0.0971975
5	64	2	1.78872	0.0960359
6	64	2	2.07245	0.0953016
7	64	2	2.35779	0.0947356
8	64	2	2.64069	0.0941829
9	64	2	2.92745	0.0935828
10	64	2	3.20627	0.0929597
11	64	2	3.48564	0.092356
12	64	2	3.76421	0.0918169
13	64	2	4.04817	0.0913286
14	64	2	4.35192	0.0908838
15	64	2	4.63307	0.0904955
16	64	2	4.91209	0.0901621
17	64	2	5.19601	0.0898847
18	64	2	5.47708	0.0896514
19	64	2	5.75529	0.0894647
20	64	2	6.03656	0.0893177
21	64	2	6.31404	0.0892064
22	64	2	6.59915	0.089122
23	64	2	6.88681	0.0890531
24	64	2	7.16541	0.0889955
25	64	2	7.44067	0.0889465
26	64	2	7.73043	0.0889022
27	64	2	8.00658	0.0888528
28	64	2	8.32433	0.0887965
29	64	2	8.60585	0.0887268
0	64	4	0.417529	0.157065
1	64	4	0.713414	0.0970223
2	64	4	1.02884	0.0885704
3	64	4	1.31911	0.0862402
4	64	4	1.61691	0.08524
5	64	4	1.9193	0.0847001
6	64	4	2.21832	0.0843713
7	64	4	2.51108	0.0841561
8	64	4	2.81932	0.0840045
9	64	4	3.11688	0.0838909
10	64	4	3.42902	0.0838024
11	64	4	3.72009	0.0837312
12	64	4	4.01122	0.0836727
13	64	4	4.30146	0.0836237
14	64	4	4.59827	0.0835819
15	64	4	4.8925	0.083546
16	64	4	5.2009	0.0835146
17	64	4	5.4939	0.0834866
18	64	4	5.80793	0.0834612
19	64	4	6.10196	0.0834382
20	64	4	6.39723	0.0834173
21	64	4	6.68922	0.0833984
22	64	4	6.98666	0.0833813
23	64	4	7.28144	0.0833656
24	64	4	7.60063	0.0833512
25	64	4	7.89206	0.083338
26	64	4	8.21576	0.0833259
27	64	4	8.50457	0.0833147
28	64	4	8.79493	0.0833044
29	64	4	9.0816	0.0832949
0	64	5	0.690757	0.148256
1	64	5	1.51747	0.0925942
2	64	5	2.26887	0.0855109
3	64	5	2.99378	0.0835707
4	64	5	3.73113	0.0827014
5	64	5	4.46708	0.0821913
6	64	5	5.19098	0.0818524
7	64	5	5.99402	0.0816123
8	64	5	6.85328	0.0814338
9	64	5	7.72102	0.0812955
10	64	5	8.55248	0.0811848
11	64	5	9.44385	0.0810936
12	64	5	10.2318	0.0810168
13	64	5	11.0659	0.0809507
14	64	5	11.8752	0.0808933
15	64	5	12.6418	0.0808428
16	64	5	13.4726	0.0807982
17	64	5	14.2796	0.0807586
18	64	5	15.0591	0.0807234
19	64	5	15.8689	0.0806918
20	64	5	16.7122	0.0806634
21	64	5	17.4789	0.0806378
22	64	5	18.3233	0.0806145
23	64	5	19.1305	0.0805934
24	64	5	19.8813	0.0805739
25	64	5	20.69	0.0805561
26	64	5	21.4833	0.0805396
27	64	5	22.3467	0.0805242
28	64	5	23.1538	0.0805099
29	64	5	23.9762	0.0804966
0	64	6	0.362178	0.305023
1	64	6	0.646234	0.287689
2	64	6	0.931732	0.281493
3	64	6	1.21543	0.279664
4	64	6	1.4975	0.279212
5	64	6	1.77647	0.278826
6	64	6	2.05025	0.280116
7	64	6	2.32573	0.277627
8	64	6	2.60157	0.276081
9	64	6	2.87952	0.27555
10	64	6	3.15702	0.275458
11	64	6	3.43355	0.27569
12	64	6	3.70984	0.275707
13	64	6	3.98509	0.275404
14	64	6	4.2675	0.274972
15	64	6	4.53949	0.274736
16	64	6	4.82243	0.274656
17	64	6	5.10346	0.27458
18	64	6	5.38025	0.274506
19	64	6	5.65849	0.274438
20	64	6	5.9692	0.274389
21	64	6	6.24638	0.27434
22	64	6	6.52805	0.2743
23	64	6	6.80513	0.274264
24	64	6	7.08213	0.274262
25	64	6	7.35835	0.274262
26	64	6	7.64252	0.274261
27	64	6	7.91868	0.274261
28	64	6	8.19693	0.274261
29	64	6	8.47943	0.274262
0	96	0	0.385131	0.218952
1	96	0	0.672936	0.216633
2	96	0	0.967449	0.215535
3	96	0	1.2757	0.214525
4	96	0	1.56411	0.21359
5	96	0	1.85767	0.212718
6	96	0	2.15489	0.211897
7	96	0	2.4509	0.211119
8	96	0	2.74089	0.210373
9	96	0	3.03202	0.209652
10	96	0	3.32679	0.208947
11	96	0	3.62115	0.208249
12	96	0	3.91672	0.207548
13	96	0	4.21017	0.206835
14	96	0	4.5042	0.206099
15	96	0	4.79611	0.205328
16	96	0	5.08459	0.204509
17	96	0	5.37439	0.203628
18	96	0	5.66768	0.202671
19	96	0	5.95945	0.20162
20	96	0	6.24635	0.200459
21	96	0	6.54137	0.199174
22	96	0	6.83579	0.197748
23	96	0	7.13077	0.196172
24	96	0	7.42387	0.194439
25	96	0	7.71688	0.192548
26	96	0	8.01051	0.190509
27	96	0	8.30352	0.188338
28	96	0	8.5948	0.186057
29	96	0	8.88692	0.183698
0	96	1	0.429191	0.338681
1	96	1	0.734968	0.329342
2	96	1	1.0467	0.325841
3	96	1	1.35461	0.325381
4	96	1	1.65404	0.325339
5	96	1	1.96271	0.325211
6	96	1	2.29326	0.324848
7	96	1	2.59965	0.324639
8	96	1	2.93869	0.324667
9	96	1	3.25118	0.324699
10	96	1	3.56494	0.3247
11	96	1	3.90318	0.324679
12	96	1	4.21117	0.324685
13	96	1	4.54702	0.324696
14	96	1	4.84755	0.324703
15	96	1	5.17636	0.324678
16	96	1	5.4802	0.324631
17	96	1	5.782	0.324616
18	96	1	6.10845	0.324628
19	96	1	6.41185	0.324665
20	96	1	6.7207	0.324702
21	96	1	7.03322	0.324711
22	96	1	7.36429	0.324672
23	96	1	7.6806	0.324656
24	96	1	7.97961	0.32466
25	96	1	8.28451	0.324654
26	96	1	8.59458	0.324625
27	96	1	8.89936	0.324612
28	96	1	9.23203	0.324608
29	96	1	9.53283	0.324612
0	96	2	0.387899	0.156185
1	96	2	0.684551	0.107964
2	96	2	0.985564	0.0967233
3	96	2	1.28599	0.0924434
4	96	2	1.59989	0.0895783
5	96	2	1.89665	0.0875299
6	96	2	2.19459	0.086047
7	96	2	2.48188	0.0849072
8	96	2	2.77738	0.0840711
9	96	2	3.06852	0.0834663
10	96	2	3.36366	0.0830285
11	96	2	3.65993	0.0826456
12	96	2	3.9493	0.0822582
13	96	2	4.23729	0.0818676
14	96	2	4.52814	0.081493
15	96	2	4.82453	0.081167
16	96	2	5.11451	0.0808993
17	96	2	5.40993	0.0807054
18	96	2	5.69823	0.080569
19	96	2	5.99642	0.0804423
20	96	2	6.29685	0.0803163
21	96	2	6.59703	0.0801826
22	96	2	6.89021	0.0800451
23	96	2	7.18121	0.0799137
24	96	2	7.47892	0.0798
25	96	2	7.77511	0.0797166
26	96	2	8.07321	0.0796556
27	96	2	8.37153	0.0796132
28	96	2	8.67104	0.0795806
29	96	2	8.96823	0.0795513
0	96	4	0.400027	0.133332
1	96	4	0.720671	0.0838831
2	96	4	1.04117	0.0765552
3	96	4	1.36857	0.0744148
4	96	4	1.68043	0.0734789
5	96	4	2.0212	0.0729781
6	96	4	2.33493	0.0726726
7	96	4	2.6477	0.0724662
8	96	4	2.9578	0.0723151
9	96	4	3.27819	0.0721969
10	96	4	3.5896	0.0721006
11	96	4	3.95375	0.0720208
12	96	4	4.26254	0.071953
13	96	4	4.59143	0.0718945
14	96	4	4.90294	0.0718436
15	96	4	5.20856	0.0717994
16	96	4	5.55388	0.0717604
17	96	4	5.86863	0.0717257
18	96	4	6.20448	0.0716946
19	96	4	6.52092	0.0716666
20	96	4	6.86567	0.071641
21	96	4	7.178	0.0716178
22	96	4	7.50879	0.0715966
23	96	4	7.82639	0.0715773
24	96	4	8.13948	0.0715597
25	96	4	8.46997	0.0715435
26	96	4	8.77992	0.0715285
27	96	4	9.10687	0.0715144
28	96	4	9.4165	0.0715011
29	96	4	9.72252	0.0714884
0	96	5	0.960809	0.126122
1	96	5	2.11366	0.0798865
2	96	5	3.188	0.0737918
3	96	5	4.22256	0.0722255
4	96	5	5.22269	0.0714927
5	96	5	6.22197	0.0710411
6	96	5	7.14653	0.0707279
7	96	5	8.30302	0.0704925
8	96	5	9.40704	0.0703065
9	96	5	10.5503	0.0701555
10	96	5	11.6486	0.0700308
11	96	5	12.8376	0.0699263
12	96	5	13.9066	0.0698369
13	96	5	15.0181	0.0697595
14	96	5	16.1272	0.0696917
15	96	5	17.2293	0.0696317
16	96	5	18.3091	0.0695782
17	96	5	19.4001	0.0695301
18	96	5	20.5012	0.0694867
19	96	5	21.5568	0.0694472
20	96	5	22.6822	0.0694111
21	96	5	23.7975	0.0693782
22	96	5	24.8857	0.069348
23	96	5	25.9145	0.0693203
24	96	5	26.9977	0.0692949
25	96	5	28.0598	0.0692714
26	96	5	29.1628	0.0692496
27	96	5	30.2553	0.0692294
28	96	5	31.3275	0.0692106
29	96	5	32.3979	0.0691931
0	96	6	0.383582	0.299733
1	96	6	0.683489	0.284334
2	96	6	0.98025	0.279929
3	96	6	1.28122	0.278515
4	96	6	1.57713	0.277323
5	96	6	1.86588	0.276316
6	96	6	2.16327	0.276808
7	96	6	2.4553	0.278464
8	96	6	2.75086	0.275925
9	96	6	3.04635	0.274854
10	96	6	3.33573	0.274854
11	96	6	3.63271	0.274941
12	96	6	3.92668	0.274545
13	96	6	4.2182	0.274184
14	96	6	4.51914	0.273973
15	96	6	4.81142	0.27381
16	96	6	5.10207	0.273696
17	96	6	5.39139	0.273638
18	96	6	5.67823	0.273599
19	96	6	5.96353	0.273507
20	96	6	6.25405	0.273396
21	96	6	6.54018	0.273354
22	96	6	6.82828	0.273341
23	96	6	7.11476	0.273327
24	96	6	7.40104	0.273306
25	96	6	7.69063	0.273286
26	96	6	7.98062	0.273283
27	96	6	8.27532	0.273285
28	96	6	8.56571	0.273261
29	96	6	8.85453	0.273229
