iter k algo time relerr 
0 16 0 0.273738 0.557245
1 16 0 0.462426 0.552241
2 16 0 0.652481 0.548613
3 16 0 0.842306 0.545875
4 16 0 1.0333 0.54374
5 16 0 1.22151 0.542033
6 16 0 1.41086 0.540639
7 16 0 1.60026 0.539483
8 16 0 1.78818 0.538509
9 16 0 1.97594 0.537679
10 16 0 2.1643 0.536964
11 16 0 2.35404 0.536342
12 16 0 2.54383 0.535798
13 16 0 2.73335 0.535317
14 16 0 2.92115 0.534889
15 16 0 3.11258 0.534508
16 16 0 3.30088 0.534164
17 16 0 3.48914 0.533855
18 16 0 3.67704 0.533574
19 16 0 3.8653 0.533318
20 16 0 4.05457 0.533085
21 16 0 4.24241 0.53287
22 16 0 4.43331 0.532673
23 16 0 4.62277 0.532491
24 16 0 4.81059 0.532323
25 16 0 4.9984 0.532166
26 16 0 5.18636 0.532021
27 16 0 5.37422 0.531885
28 16 0 5.56117 0.531757
29 16 0 5.74792 0.531638
0 16 1 0.275866 0.529391
1 16 1 0.467551 0.528784
2 16 1 0.659465 0.52859
3 16 1 0.849585 0.5285
4 16 1 1.04131 0.528449
5 16 1 1.23265 0.528411
6 16 1 1.42399 0.52838
7 16 1 1.61425 0.528349
8 16 1 1.806 0.528313
9 16 1 1.99672 0.528278
10 16 1 2.18713 0.528254
11 16 1 2.37741 0.528237
12 16 1 2.56917 0.528222
13 16 1 2.76108 0.52821
14 16 1 2.95144 0.5282
15 16 1 3.14379 0.528193
16 16 1 3.33543 0.528185
17 16 1 3.5257 0.528178
18 16 1 3.71906 0.528172
19 16 1 3.90907 0.528168
20 16 1 4.10052 0.528164
21 16 1 4.29197 0.52816
22 16 1 4.48421 0.528157
23 16 1 4.67508 0.528154
24 16 1 4.86589 0.528153
25 16 1 5.05722 0.528152
26 16 1 5.24914 0.528152
27 16 1 5.44086 0.528152
28 16 1 5.63143 0.528153
29 16 1 5.82304 0.528153
0 16 2 0.27691 0.545042
1 16 2 0.466986 0.530978
2 16 2 0.65942 0.527998
3 16 2 0.850836 0.526975
4 16 2 1.04486 0.526565
5 16 2 1.23526 0.526357
6 16 2 1.42646 0.526247
7 16 2 1.61807 0.526175
8 16 2 1.8096 0.526114
9 16 2 1.9998 0.526058
10 16 2 2.19021 0.526007
11 16 2 2.38191 0.525963
12 16 2 2.57305 0.525933
13 16 2 2.76517 0.525904
14 16 2 2.9567 0.52588
15 16 2 3.14884 0.525865
16 16 2 3.33965 0.525861
17 16 2 3.52946 0.52586
18 16 2 3.72044 0.525865
19 16 2 3.91229 0.525875
20 16 2 4.10192 0.525888
21 16 2 4.29437 0.525899
22 16 2 4.48618 0.525907
23 16 2 4.67636 0.525913
24 16 2 4.8668 0.525925
25 16 2 5.05722 0.525936
26 16 2 5.24755 0.525949
27 16 2 5.43995 0.525959
28 16 2 5.63051 0.525965
29 16 2 5.82145 0.525972
0 16 4 0.308536 0.528968
1 16 4 0.511424 0.527856
2 16 4 0.722845 0.527505
3 16 4 0.928321 0.52726
4 16 4 1.13416 0.527098
5 16 4 1.33597 0.526997
6 16 4 1.54209 0.526934
7 16 4 1.74426 0.526891
8 16 4 1.94801 0.526861
9 16 4 2.15154 0.526838
10 16 4 2.35608 0.526821
11 16 4 2.56017 0.526807
12 16 4 2.76326 0.526796
13 16 4 2.96704 0.526788
14 16 4 3.16985 0.526781
15 16 4 3.3721 0.526775
16 16 4 3.57363 0.526769
17 16 4 3.77507 0.526765
18 16 4 3.97997 0.52676
19 16 4 4.18385 0.526756
20 16 4 4.38633 0.526752
21 16 4 4.58674 0.526748
22 16 4 4.78773 0.526745
23 16 4 4.98993 0.526742
24 16 4 5.19338 0.526739
25 16 4 5.39717 0.526736
26 16 4 5.59945 0.526733
27 16 4 5.80242 0.526731
28 16 4 6.00526 0.526728
29 16 4 6.20867 0.526726
0 16 5 0.284295 0.528987
1 16 5 0.484698 0.528096
2 16 5 0.683598 0.527844
3 16 5 0.882558 0.527644
4 16 5 1.08287 0.527472
5 16 5 1.2818 0.527325
6 16 5 1.47931 0.527204
7 16 5 1.6802 0.526935
8 16 5 1.97196 0.526909
9 16 5 2.17182 0.526828
10 16 5 2.46526 0.526829
11 16 5 2.66544 0.526843
12 16 5 2.95931 0.526859
13 16 5 3.25019 0.52678
14 16 5 3.44804 0.526631
15 16 5 3.74034 0.526683
16 16 5 4.03118 0.526705
17 16 5 4.3205 0.526716
18 16 5 4.61432 0.526724
19 16 5 4.90498 0.526729
20 16 5 5.19263 0.526732
21 16 5 5.48915 0.526735
22 16 5 5.77817 0.526737
23 16 5 6.06693 0.526738
24 16 5 6.36006 0.52674
25 16 5 6.64903 0.526741
26 16 5 6.93797 0.526741
27 16 5 7.22695 0.526742
28 16 5 7.42511 0.526743
29 16 5 7.71423 0.526743
0 16 6 0.275266 0.528713
1 16 6 0.464012 0.527055
2 16 6 0.652747 0.526363
3 16 6 0.841484 0.525894
4 16 6 1.03024 0.525549
5 16 6 1.22051 0.525018
6 16 6 1.40939 0.524442
7 16 6 1.60278 0.523796
8 16 6 1.79194 0.523595
9 16 6 1.98102 0.523177
10 16 6 2.17004 0.522768
11 16 6 2.35767 0.52282
12 16 6 2.54534 0.522916
13 16 6 2.73294 0.522958
14 16 6 2.92046 0.522972
15 16 6 3.11091 0.522896
16 16 6 3.29855 0.522772
17 16 6 3.48473 0.522685
18 16 6 3.67385 0.522623
19 16 6 3.86141 0.522587
20 16 6 4.04752 0.522567
21 16 6 4.23514 0.522551
22 16 6 4.42126 0.522537
23 16 6 4.60883 0.522523
24 16 6 4.79643 0.522507
25 16 6 4.98413 0.522491
26 16 6 5.1718 0.522475
27 16 6 5.35947 0.52246
28 16 6 5.54713 0.522446
29 16 6 5.73611 0.522434
0 32 0 0.385407 0.545194
1 32 0 0.687331 0.543387
2 32 0 0.991343 0.54191
3 32 0 1.30014 0.54068
4 32 0 1.61087 0.53964
5 32 0 1.91581 0.538749
6 32 0 2.21798 0.537978
7 32 0 2.51997 0.537304
8 32 0 2.82092 0.536709
9 32 0 3.12028 0.53618
10 32 0 3.41956 0.535707
11 32 0 3.72025 0.535282
12 32 0 4.02992 0.534896
13 32 0 4.33099 0.534546
14 32 0 4.63039 0.534225
15 32 0 4.92947 0.533931
16 32 0 5.22996 0.53366
17 32 0 5.53016 0.53341
18 32 0 5.83226 0.533177
19 32 0 6.13266 0.53296
20 32 0 6.43193 0.532758
21 32 0 6.73123 0.532568
22 32 0 7.03174 0.53239
23 32 0 7.32968 0.532222
24 32 0 7.6289 0.532063
25 32 0 7.92832 0.531913
26 32 0 8.22763 0.531771
27 32 0 8.52728 0.531635
28 32 0 8.82666 0.531506
29 32 0 9.12742 0.531382
0 32 1 0.383437 0.529229
1 32 1 0.680505 0.528616
2 32 1 0.98251 0.528371
3 32 1 1.28142 0.528205
4 32 1 1.58095 0.528111
5 32 1 1.87795 0.528052
6 32 1 2.17726 0.528005
7 32 1 2.47512 0.527961
8 32 1 2.77369 0.52792
9 32 1 3.07327 0.527887
10 32 1 3.37373 0.52786
11 32 1 3.6707 0.527842
12 32 1 3.96925 0.527826
13 32 1 4.26702 0.527813
14 32 1 4.56359 0.527802
15 32 1 4.86398 0.527792
16 32 1 5.16168 0.527785
17 32 1 5.45907 0.527779
18 32 1 5.76172 0.527774
19 32 1 6.06026 0.527769
20 32 1 6.35694 0.527754
21 32 1 6.656 0.52773
22 32 1 6.95229 0.527719
23 32 1 7.25167 0.527712
24 32 1 7.54784 0.527705
25 32 1 7.84539 0.527695
26 32 1 8.14308 0.527686
27 32 1 8.43991 0.527677
28 32 1 8.73685 0.527671
29 32 1 9.03251 0.527668
0 32 2 0.398289 0.540821
1 32 2 0.710324 0.528885
2 32 2 1.02691 0.526679
3 32 2 1.34114 0.526532
4 32 2 1.65684 0.527579
5 32 2 1.97256 0.528949
6 32 2 2.28668 0.529595
7 32 2 2.60087 0.528329
8 32 2 2.91507 0.527135
9 32 2 3.2295 0.525891
10 32 2 3.54276 0.524874
11 32 2 3.8572 0.524321
12 32 2 4.16872 0.524037
13 32 2 4.48284 0.523896
14 32 2 4.79732 0.523782
15 32 2 5.11218 0.523664
16 32 2 5.42492 0.523516
17 32 2 5.73763 0.523344
18 32 2 6.05077 0.523211
19 32 2 6.36378 0.523107
20 32 2 6.67811 0.523017
21 32 2 6.99225 0.522938
22 32 2 7.30674 0.522862
23 32 2 7.61953 0.5228
24 32 2 7.93362 0.522723
25 32 2 8.2463 0.522646
26 32 2 8.55917 0.522569
27 32 2 8.87213 0.522512
28 32 2 9.18603 0.52246
29 32 2 9.49883 0.522402
0 32 4 0.393192 0.527104
1 32 4 0.697632 0.524908
2 32 4 1.00587 0.52437
3 32 4 1.31511 0.524138
4 32 4 1.6218 0.524007
5 32 4 1.93092 0.523918
6 32 4 2.23888 0.523852
7 32 4 2.54585 0.523798
8 32 4 2.85256 0.523753
9 32 4 3.16103 0.523713
10 32 4 3.4681 0.523676
11 32 4 3.7763 0.523642
12 32 4 4.08288 0.52361
13 32 4 4.38946 0.52358
14 32 4 4.6981 0.523551
15 32 4 5.00527 0.523521
16 32 4 5.31182 0.523488
17 32 4 5.6184 0.523454
18 32 4 5.92403 0.523421
19 32 4 6.22812 0.523392
20 32 4 6.5355 0.523368
21 32 4 6.84127 0.523347
22 32 4 7.14777 0.523328
23 32 4 7.45353 0.523309
24 32 4 7.75894 0.52329
25 32 4 8.06626 0.523268
26 32 4 8.37204 0.523243
27 32 4 8.67894 0.523208
28 32 4 8.98882 0.523159
29 32 4 9.29513 0.523089
0 32 5 0.409199 0.528492
1 32 5 0.73222 0.527615
2 32 5 1.05618 0.527272
3 32 5 1.38121 0.526993
4 32 5 1.70757 0.526786
5 32 5 2.03429 0.526637
6 32 5 2.35779 0.526523
7 32 5 2.68579 0.526258
8 32 5 3.17325 0.526218
9 32 5 3.50131 0.526068
10 32 5 3.97869 0.526031
11 32 5 4.30628 0.525912
12 32 5 4.7806 0.525889
13 32 5 5.10486 0.525806
14 32 5 5.58288 0.52579
15 32 5 5.90673 0.525727
16 32 5 6.38389 0.525714
17 32 5 6.70923 0.525655
18 32 5 7.18976 0.525638
19 32 5 7.518 0.525573
20 32 5 7.99537 0.525543
21 32 5 8.32276 0.525456
22 32 5 8.80116 0.525433
23 32 5 9.13097 0.525374
24 32 5 9.61376 0.525362
25 32 5 9.94253 0.525317
26 32 5 10.4196 0.525306
27 32 5 10.7472 0.525269
28 32 5 11.2233 0.525261
29 32 5 11.5495 0.525231
0 32 6 0.389737 0.527322
1 32 6 0.694104 0.524934
2 32 6 1.00096 0.523629
3 32 6 1.30883 0.522556
4 32 6 1.61502 0.521491
5 32 6 1.92153 0.521133
6 32 6 2.22653 0.520978
7 32 6 2.53337 0.520603
8 32 6 2.8365 0.52007
9 32 6 3.14031 0.519823
10 32 6 3.4452 0.519646
11 32 6 3.74917 0.51958
12 32 6 4.05402 0.519404
13 32 6 4.36174 0.519372
14 32 6 4.66913 0.519326
15 32 6 4.97409 0.519171
16 32 6 5.2788 0.519084
17 32 6 5.58522 0.519037
18 32 6 5.88903 0.519003
19 32 6 6.19319 0.518974
20 32 6 6.49718 0.518951
21 32 6 6.80037 0.51893
22 32 6 7.10395 0.518906
23 32 6 7.40925 0.518878
24 32 6 7.71358 0.518847
25 32 6 8.01842 0.51882
26 32 6 8.32469 0.518794
27 32 6 8.62957 0.518767
28 32 6 8.93362 0.518735
29 32 6 9.23755 0.518706
0 48 0 0.468954 0.53991
1 48 0 0.89154 0.539015
2 48 0 1.31829 0.538241
3 48 0 1.73888 0.537562
4 48 0 2.15867 0.536961
5 48 0 2.57794 0.536427
6 48 0 2.99781 0.535947
7 48 0 3.4162 0.535514
8 48 0 3.83737 0.535122
9 48 0 4.26125 0.534764
10 48 0 4.68266 0.534436
11 48 0 5.10957 0.534134
12 48 0 5.53155 0.533856
13 48 0 5.95276 0.533597
14 48 0 6.37273 0.533356
15 48 0 6.79352 0.533132
16 48 0 7.20863 0.532921
17 48 0 7.62507 0.532724
18 48 0 8.0459 0.532538
19 48 0 8.46603 0.532362
20 48 0 8.88678 0.532195
21 48 0 9.30459 0.532037
22 48 0 9.72304 0.531887
23 48 0 10.1414 0.531743
24 48 0 10.5587 0.531606
25 48 0 10.9765 0.531474
26 48 0 11.3909 0.531348
27 48 0 11.8107 0.531227
28 48 0 12.231 0.53111
29 48 0 12.6492 0.530997
0 48 1 0.472536 0.529315
1 48 1 0.906328 0.528523
2 48 1 1.33285 0.528166
3 48 1 1.76706 0.528018
4 48 1 2.19064 0.527929
5 48 1 2.61512 0.527877
6 48 1 3.03776 0.527826
7 48 1 3.45952 0.527789
8 48 1 3.88206 0.527756
9 48 1 4.30521 0.527726
10 48 1 4.72477 0.527699
11 48 1 5.14644 0.527677
12 48 1 5.56775 0.527658
13 48 1 5.98721 0.527643
14 48 1 6.40694 0.527628
15 48 1 6.82125 0.527616
16 48 1 7.23664 0.527608
17 48 1 7.65247 0.527603
18 48 1 8.06934 0.527595
19 48 1 8.49228 0.527583
20 48 1 8.9112 0.52757
21 48 1 9.32903 0.527559
22 48 1 9.74714 0.52755
23 48 1 10.165 0.527544
24 48 1 10.5952 0.527538
25 48 1 11.0159 0.527531
26 48 1 11.4309 0.527523
27 48 1 11.8526 0.527515
28 48 1 12.271 0.52751
29 48 1 12.6892 0.527506
0 48 2 0.453338 0.542277
1 48 2 0.852528 0.530982
2 48 2 1.25879 0.528896
3 48 2 1.65738 0.528642
4 48 2 2.0579 0.529891
5 48 2 2.45859 0.529004
6 48 2 2.86132 0.526911
7 48 2 3.26441 0.525155
8 48 2 3.66567 0.523937
9 48 2 4.06638 0.523211
10 48 2 4.4638 0.52278
11 48 2 4.86284 0.522553
12 48 2 5.26536 0.522404
13 48 2 5.66827 0.522322
14 48 2 6.06787 0.52224
15 48 2 6.46488 0.522192
16 48 2 6.86414 0.522145
17 48 2 7.25954 0.522077
18 48 2 7.65838 0.521989
19 48 2 8.05538 0.521876
20 48 2 8.45431 0.521768
21 48 2 8.85176 0.521668
22 48 2 9.24853 0.521575
23 48 2 9.64382 0.521471
24 48 2 10.0434 0.521363
25 48 2 10.4402 0.521276
26 48 2 10.8376 0.521187
27 48 2 11.2747 0.521124
28 48 2 11.6732 0.521072
29 48 2 12.0733 0.521023
0 48 4 0.469066 0.525497
1 48 4 0.89012 0.52324
2 48 4 1.31344 0.522637
3 48 4 1.73579 0.522328
4 48 4 2.153 0.522121
5 48 4 2.57413 0.521944
6 48 4 2.99672 0.521752
7 48 4 3.41916 0.521513
8 48 4 3.84028 0.521238
9 48 4 4.26646 0.520933
10 48 4 4.68567 0.520533
11 48 4 5.10696 0.52001
12 48 4 5.52704 0.519714
13 48 4 5.94427 0.519557
14 48 4 6.36661 0.519456
15 48 4 6.78664 0.519384
16 48 4 7.20773 0.519329
17 48 4 7.63344 0.519283
18 48 4 8.05463 0.519245
19 48 4 8.4741 0.519211
20 48 4 8.89265 0.519182
21 48 4 9.31209 0.519156
22 48 4 9.73351 0.519131
23 48 4 10.1551 0.519108
24 48 4 10.5737 0.519087
25 48 4 10.9958 0.519067
26 48 4 11.4151 0.519048
27 48 4 11.8341 0.51903
28 48 4 12.255 0.519015
29 48 4 12.6704 0.519
0 48 5 0.497125 0.527941
1 48 5 0.945899 0.527332
2 48 5 1.39808 0.52705
3 48 5 1.8487 0.526813
4 48 5 2.29297 0.526621
5 48 5 2.7437 0.526469
6 48 5 3.19261 0.526345
7 48 5 3.64717 0.526038
8 48 5 4.30366 0.525986
9 48 5 4.75344 0.525798
10 48 5 5.40993 0.525754
11 48 5 5.86315 0.525603
12 48 5 6.53086 0.525574
13 48 5 6.9833 0.525464
14 48 5 7.63628 0.525443
15 48 5 8.09447 0.525356
16 48 5 8.75367 0.525334
17 48 5 9.21056 0.525222
18 48 5 9.86506 0.525175
19 48 5 10.3199 0.525056
20 48 5 10.9757 0.525035
21 48 5 11.4252 0.524981
22 48 5 12.0794 0.524968
23 48 5 12.5309 0.524924
24 48 5 13.1831 0.524914
25 48 5 13.6298 0.524876
26 48 5 14.299 0.524868
27 48 5 14.7509 0.524838
28 48 5 15.4095 0.524832
29 48 5 15.8595 0.52481
0 48 6 0.464382 0.527071
1 48 6 0.873507 0.523912
2 48 6 1.28742 0.52137
3 48 6 1.70297 0.519103
4 48 6 2.11775 0.518098
5 48 6 2.53017 0.517579
6 48 6 2.944 0.517432
7 48 6 3.35456 0.517442
8 48 6 3.76424 0.517441
9 48 6 4.17249 0.517063
10 48 6 4.58431 0.516742
11 48 6 4.99187 0.516661
12 48 6 5.40592 0.516598
13 48 6 5.81709 0.516594
14 48 6 6.23154 0.516475
15 48 6 6.64172 0.516198
16 48 6 7.05445 0.515911
17 48 6 7.46576 0.515778
18 48 6 7.87757 0.515679
19 48 6 8.28622 0.515612
20 48 6 8.69882 0.515554
21 48 6 9.1098 0.515507
22 48 6 9.52503 0.515469
23 48 6 9.93534 0.515438
24 48 6 10.348 0.515414
25 48 6 10.7585 0.515395
26 48 6 11.1682 0.515383
27 48 6 11.5771 0.515393
28 48 6 11.9874 0.515504
29 48 6 12.4018 0.515602
0 64 0 0.518307 0.537672
1 64 0 0.993945 0.537061
2 64 0 1.47216 0.53652
3 64 0 1.94969 0.536033
4 64 0 2.42461 0.535593
5 64 0 2.89963 0.535194
6 64 0 3.37593 0.534828
7 64 0 3.84931 0.534493
8 64 0 4.32234 0.534184
9 64 0 4.79548 0.533898
10 64 0 5.27232 0.533633
11 64 0 5.74403 0.533385
12 64 0 6.21642 0.533153
13 64 0 6.68729 0.532936
14 64 0 7.15828 0.532731
15 64 0 7.63003 0.532538
16 64 0 8.0992 0.532355
17 64 0 8.56887 0.532182
18 64 0 9.04359 0.532017
19 64 0 9.51539 0.53186
20 64 0 9.98824 0.53171
21 64 0 10.4608 0.531566
22 64 0 10.9341 0.531428
23 64 0 11.4057 0.531295
24 64 0 11.8758 0.531168
25 64 0 12.3445 0.531044
26 64 0 12.816 0.530925
27 64 0 13.2879 0.53081
28 64 0 13.7591 0.530698
29 64 0 14.231 0.530589
0 64 1 0.554103 0.529029
1 64 1 1.06411 0.528162
2 64 1 1.57883 0.527776
3 64 1 2.09355 0.527576
4 64 1 2.60596 0.527466
5 64 1 3.1124 0.527384
6 64 1 3.62487 0.527318
7 64 1 4.13576 0.527256
8 64 1 4.64891 0.527209
9 64 1 5.16112 0.527174
10 64 1 5.66869 0.527149
11 64 1 6.18508 0.527124
12 64 1 6.68985 0.527092
13 64 1 7.19972 0.527065
14 64 1 7.70602 0.527046
15 64 1 8.21516 0.527029
16 64 1 8.72295 0.527015
17 64 1 9.23088 0.527006
18 64 1 9.73641 0.526998
19 64 1 10.2402 0.526991
20 64 1 10.7448 0.526985
21 64 1 11.2502 0.526979
22 64 1 11.757 0.526975
23 64 1 12.2626 0.526972
24 64 1 12.7624 0.526969
25 64 1 13.2667 0.526966
26 64 1 13.7746 0.526963
27 64 1 14.281 0.526959
28 64 1 14.7839 0.526956
29 64 1 15.288 0.526952
0 64 2 0.573601 0.545635
1 64 2 1.09701 0.535431
2 64 2 1.62301 0.533399
3 64 2 2.14795 0.53168
4 64 2 2.6716 0.53023
5 64 2 3.20034 0.526659
6 64 2 3.7263 0.524699
7 64 2 4.24954 0.523599
8 64 2 4.77776 0.522908
9 64 2 5.3048 0.522473
10 64 2 5.83137 0.522179
11 64 2 6.35675 0.521986
12 64 2 6.88174 0.521869
13 64 2 7.40898 0.521748
14 64 2 7.93728 0.521662
15 64 2 8.46405 0.52156
16 64 2 8.99175 0.521484
17 64 2 9.51911 0.521391
18 64 2 10.0502 0.521262
19 64 2 10.5809 0.521094
20 64 2 11.1121 0.520925
21 64 2 11.6358 0.520755
22 64 2 12.1638 0.520601
23 64 2 12.6904 0.520482
24 64 2 13.2147 0.520371
25 64 2 13.741 0.520271
26 64 2 14.2659 0.520182
27 64 2 14.7918 0.520102
28 64 2 15.3141 0.520044
29 64 2 15.8377 0.519993
0 64 4 0.588868 0.524494
1 64 4 1.1318 0.521933
2 64 4 1.67925 0.521008
3 64 4 2.21845 0.520267
4 64 4 2.76362 0.519539
5 64 4 3.30737 0.518972
6 64 4 3.8508 0.518489
7 64 4 4.3966 0.518033
8 64 4 4.94365 0.517685
9 64 4 5.48552 0.517445
10 64 4 6.02236 0.51727
11 64 4 6.56137 0.517135
12 64 4 7.1021 0.517023
13 64 4 7.64782 0.516925
14 64 4 8.19144 0.516839
15 64 4 8.73284 0.516762
16 64 4 9.27685 0.516691
17 64 4 9.8199 0.516627
18 64 4 10.3644 0.516571
19 64 4 10.9052 0.516522
20 64 4 11.4473 0.516479
21 64 4 11.9863 0.516441
22 64 4 12.5263 0.516407
23 64 4 13.0652 0.516376
24 64 4 13.6041 0.516348
25 64 4 14.1411 0.516322
26 64 4 14.6787 0.516298
27 64 4 15.2174 0.516277
28 64 4 15.753 0.516258
29 64 4 16.3021 0.516241
0 64 5 0.551191 0.52779
1 64 5 1.05444 0.527134
2 64 5 1.55664 0.526838
3 64 5 2.05811 0.526603
4 64 5 2.56188 0.526422
5 64 5 3.06978 0.526278
6 64 5 3.5703 0.526156
7 64 5 4.08356 0.525836
8 64 5 4.82536 0.525774
9 64 5 5.34281 0.52555
10 64 5 6.07935 0.525495
11 64 5 6.58586 0.525319
12 64 5 7.32541 0.525286
13 64 5 7.83483 0.525159
14 64 5 8.57058 0.525121
15 64 5 9.08068 0.524944
16 64 5 9.81622 0.524894
17 64 5 10.3213 0.524789
18 64 5 11.0553 0.524775
19 64 5 11.5618 0.524726
20 64 5 12.298 0.52471
21 64 5 12.8153 0.524653
22 64 5 13.5569 0.524633
23 64 5 14.0653 0.524525
24 64 5 14.8021 0.524448
25 64 5 15.3125 0.524329
26 64 5 16.0546 0.524301
27 64 5 16.5599 0.524167
28 64 5 17.2969 0.524108
29 64 5 17.8012 0.524022
0 64 6 0.520045 0.527077
1 64 6 0.999627 0.522789
2 64 6 1.47782 0.519949
3 64 6 1.95466 0.517497
4 64 6 2.42743 0.51593
5 64 6 2.90231 0.515208
6 64 6 3.38033 0.514852
7 64 6 3.85527 0.51426
8 64 6 4.32437 0.514011
9 64 6 4.79536 0.513886
10 64 6 5.27017 0.513777
11 64 6 5.74575 0.513574
12 64 6 6.2213 0.513322
13 64 6 6.69487 0.513106
14 64 6 7.17038 0.512996
15 64 6 7.63946 0.512839
16 64 6 8.11298 0.51273
17 64 6 8.58444 0.512656
18 64 6 9.05476 0.512593
19 64 6 9.52736 0.512534
20 64 6 10.004 0.51249
21 64 6 10.473 0.512463
22 64 6 10.9442 0.512446
23 64 6 11.4192 0.51244
24 64 6 11.8908 0.512445
25 64 6 12.364 0.512473
26 64 6 12.8343 0.512567
27 64 6 13.3053 0.512664
28 64 6 13.7731 0.512635
29 64 6 14.28 0.512516
0 96 0 0.721221 0.535158
1 96 0 1.39976 0.534796
2 96 0 2.08018 0.534463
3 96 0 2.7622 0.534154
4 96 0 3.44138 0.533868
5 96 0 4.12021 0.533601
6 96 0 4.8003 0.533352
7 96 0 5.47829 0.533118
8 96 0 6.18411 0.532897
9 96 0 6.86388 0.532689
10 96 0 7.54227 0.532493
11 96 0 8.22318 0.532306
12 96 0 8.90232 0.532128
13 96 0 9.57977 0.531959
14 96 0 10.2562 0.531797
15 96 0 10.9327 0.531642
16 96 0 11.6084 0.531493
17 96 0 12.2876 0.53135
18 96 0 12.9653 0.531212
19 96 0 13.6441 0.531079
20 96 0 14.3189 0.53095
21 96 0 14.9975 0.530825
22 96 0 15.6749 0.530704
23 96 0 16.3523 0.530587
24 96 0 17.0267 0.530472
25 96 0 17.7039 0.53036
26 96 0 18.3796 0.530251
27 96 0 19.0541 0.530145
28 96 0 19.7329 0.530041
29 96 0 20.4102 0.529939
0 96 1 0.733699 0.529134
1 96 1 1.46196 0.52831
2 96 1 2.15422 0.528045
3 96 1 2.84559 0.527873
4 96 1 3.54592 0.527743
5 96 1 4.23692 0.527656
6 96 1 4.93059 0.527583
7 96 1 5.62264 0.527521
8 96 1 6.31459 0.527457
9 96 1 7.00234 0.527403
10 96 1 7.68898 0.527369
11 96 1 8.3773 0.527344
12 96 1 9.07024 0.527328
13 96 1 9.75866 0.527314
14 96 1 10.4522 0.527302
15 96 1 11.143 0.527289
16 96 1 11.8352 0.527278
17 96 1 12.5197 0.527268
18 96 1 13.2124 0.527258
19 96 1 13.911 0.527249
20 96 1 14.6001 0.52724
21 96 1 15.2878 0.527231
22 96 1 15.974 0.527223
23 96 1 16.6732 0.527218
24 96 1 17.3678 0.527213
25 96 1 18.0585 0.527208
26 96 1 18.7463 0.527202
27 96 1 19.4323 0.527197
28 96 1 20.1197 0.527192
29 96 1 20.8038 0.527188
0 96 2 0.727279 0.552499
1 96 2 1.41099 0.54972
2 96 2 2.09547 0.541038
3 96 2 2.78016 0.534636
4 96 2 3.46345 0.531451
5 96 2 4.15144 0.529276
6 96 2 4.83629 0.527737
7 96 2 5.51896 0.526298
8 96 2 6.20221 0.525183
9 96 2 6.88537 0.524394
10 96 2 7.5702 0.523896
11 96 2 8.25159 0.523538
12 96 2 8.9354 0.523222
13 96 2 9.61982 0.52293
14 96 2 10.3021 0.522577
15 96 2 10.9853 0.522277
16 96 2 11.6674 0.521976
17 96 2 12.3492 0.521717
18 96 2 13.0305 0.521483
19 96 2 13.7133 0.521238
20 96 2 14.3946 0.521047
21 96 2 15.0783 0.520908
22 96 2 15.7605 0.520816
23 96 2 16.4408 0.520749
24 96 2 17.1213 0.520662
25 96 2 17.804 0.520601
26 96 2 18.4879 0.520578
27 96 2 19.1705 0.520614
28 96 2 19.8522 0.52068
29 96 2 20.5324 0.520733
0 96 4 0.748171 0.523008
1 96 4 1.45486 0.519766
2 96 4 2.15935 0.51796
3 96 4 2.86665 0.516391
4 96 4 3.57577 0.515182
5 96 4 4.28106 0.514426
6 96 4 4.98723 0.513922
7 96 4 5.69487 0.513543
8 96 4 6.40124 0.513251
9 96 4 7.10428 0.513008
10 96 4 7.80848 0.512806
11 96 4 8.50882 0.512636
12 96 4 9.21861 0.512493
13 96 4 9.92091 0.51237
14 96 4 10.6252 0.512262
15 96 4 11.332 0.512168
16 96 4 12.0346 0.512084
17 96 4 12.7432 0.512008
18 96 4 13.4451 0.511937
19 96 4 14.1515 0.511869
20 96 4 14.8569 0.511807
21 96 4 15.5722 0.511749
22 96 4 16.2731 0.511695
23 96 4 16.9776 0.511645
24 96 4 17.6794 0.5116
25 96 4 18.3844 0.511559
26 96 4 19.085 0.511521
27 96 4 19.7901 0.511486
28 96 4 20.4948 0.511453
29 96 4 21.1991 0.511421
0 96 5 0.766908 0.527507
1 96 5 1.48767 0.527005
2 96 5 2.21184 0.526714
3 96 5 2.93035 0.526489
4 96 5 3.6484 0.526316
5 96 5 4.36098 0.526177
6 96 5 5.07556 0.526055
7 96 5 5.79594 0.525712
8 96 5 6.84972 0.525631
9 96 5 7.58375 0.525355
10 96 5 8.63335 0.525271
11 96 5 9.35597 0.524928
12 96 5 10.4023 0.52483
13 96 5 11.1243 0.524631
14 96 5 12.1819 0.524593
15 96 5 12.9126 0.524456
16 96 5 13.9661 0.524425
17 96 5 14.6886 0.524304
18 96 5 15.7418 0.524276
19 96 5 16.473 0.524169
20 96 5 17.5341 0.52412
21 96 5 18.2505 0.523959
22 96 5 19.3032 0.523913
23 96 5 20.0235 0.52376
24 96 5 21.0705 0.523729
25 96 5 21.7941 0.523663
26 96 5 22.8397 0.523651
27 96 5 23.567 0.523595
28 96 5 24.6106 0.523562
29 96 5 25.3373 0.523467
0 96 6 0.721876 0.525779
1 96 6 1.40093 0.519865
2 96 6 2.08167 0.515123
3 96 6 2.76293 0.51251
4 96 6 3.44166 0.511234
5 96 6 4.12019 0.510237
6 96 6 4.79777 0.509501
7 96 6 5.47391 0.508942
8 96 6 6.14836 0.508854
9 96 6 6.82473 0.508502
10 96 6 7.50245 0.508331
11 96 6 8.17996 0.508142
12 96 6 8.85629 0.507958
13 96 6 9.53624 0.507837
14 96 6 10.2118 0.507746
15 96 6 10.8866 0.507664
16 96 6 11.5635 0.507585
17 96 6 12.2404 0.507513
18 96 6 12.913 0.507449
19 96 6 13.5905 0.507389
20 96 6 14.2695 0.507334
21 96 6 14.9456 0.507282
22 96 6 15.621 0.507237
23 96 6 16.2944 0.507199
24 96 6 16.9702 0.507167
25 96 6 17.6446 0.507141
26 96 6 18.3238 0.507125
27 96 6 18.9991 0.50713
28 96 6 19.6735 0.507204
29 96 6 20.3711 0.507453
