iter	k	algo	totaltime	relerr
0	16	0	0.254153	0.557245
1	16	0	0.438502	0.552241
2	16	0	0.624458	0.548613
3	16	0	0.808772	0.545875
4	16	0	1.00112	0.54374
5	16	0	1.18524	0.542033
6	16	0	1.37147	0.540639
7	16	0	1.55588	0.539483
8	16	0	1.7409	0.538509
9	16	0	1.92527	0.537679
10	16	0	2.10914	0.536964
11	16	0	2.29327	0.536342
12	16	0	2.47847	0.535798
13	16	0	2.66283	0.535317
14	16	0	2.84732	0.534889
15	16	0	3.03189	0.534508
16	16	0	3.21813	0.534164
17	16	0	3.45088	0.533855
18	16	0	3.63544	0.533574
19	16	0	3.81749	0.533318
20	16	0	4.03233	0.533085
21	16	0	4.2188	0.53287
22	16	0	4.40373	0.532673
23	16	0	4.58806	0.532491
24	16	0	4.79449	0.532323
25	16	0	4.97926	0.532166
26	16	0	5.16154	0.532021
27	16	0	5.34879	0.531885
28	16	0	5.53106	0.531757
29	16	0	5.71525	0.531638
0	16	1	0.266131	0.529391
1	16	1	0.452151	0.528784
2	16	1	0.640553	0.52859
3	16	1	0.826927	0.5285
4	16	1	1.02015	0.528449
5	16	1	1.21461	0.528411
6	16	1	1.40182	0.52838
7	16	1	1.58796	0.528349
8	16	1	1.77441	0.528313
9	16	1	1.96646	0.528278
10	16	1	2.15987	0.528254
11	16	1	2.34607	0.528237
12	16	1	2.53275	0.528222
13	16	1	2.71968	0.52821
14	16	1	2.90388	0.5282
15	16	1	3.08993	0.528193
16	16	1	3.27373	0.528185
17	16	1	3.46217	0.528178
18	16	1	3.65397	0.528172
19	16	1	3.83802	0.528168
20	16	1	4.02377	0.528164
21	16	1	4.20774	0.52816
22	16	1	4.39741	0.528157
23	16	1	4.58357	0.528154
24	16	1	4.76797	0.528153
25	16	1	4.95171	0.528152
26	16	1	5.16905	0.528152
27	16	1	5.3552	0.528152
28	16	1	5.54158	0.528153
29	16	1	5.7278	0.528153
0	16	2	0.255022	0.545042
1	16	2	0.4399	0.530978
2	16	2	0.628307	0.527998
3	16	2	0.81333	0.526975
4	16	2	0.995836	0.526565
5	16	2	1.18038	0.526357
6	16	2	1.365	0.526247
7	16	2	1.54953	0.526175
8	16	2	1.77241	0.526114
9	16	2	1.95905	0.526058
10	16	2	2.1439	0.526007
11	16	2	2.32865	0.525963
12	16	2	2.5116	0.525933
13	16	2	2.70941	0.525904
14	16	2	2.89394	0.52588
15	16	2	3.07908	0.525865
16	16	2	3.26379	0.525861
17	16	2	3.44638	0.52586
18	16	2	3.63113	0.525865
19	16	2	3.81611	0.525875
20	16	2	4.00084	0.525888
21	16	2	4.19857	0.525899
22	16	2	4.38133	0.525907
23	16	2	4.56393	0.525913
24	16	2	4.74665	0.525925
25	16	2	4.93521	0.525936
26	16	2	5.11807	0.525949
27	16	2	5.30086	0.525959
28	16	2	5.48613	0.525965
29	16	2	5.67114	0.525972
0	16	4	0.26729	0.528968
1	16	4	0.462331	0.527856
2	16	4	0.652287	0.527505
3	16	4	0.844614	0.52726
4	16	4	1.03722	0.527098
5	16	4	1.22713	0.526997
6	16	4	1.41806	0.526934
7	16	4	1.60959	0.526891
8	16	4	1.79856	0.526861
9	16	4	2.01745	0.526838
10	16	4	2.20703	0.526821
11	16	4	2.39413	0.526807
12	16	4	2.58425	0.526796
13	16	4	2.77836	0.526788
14	16	4	2.96819	0.526781
15	16	4	3.15671	0.526775
16	16	4	3.35563	0.526769
17	16	4	3.54512	0.526765
18	16	4	3.73238	0.52676
19	16	4	3.92203	0.526756
20	16	4	4.10897	0.526752
21	16	4	4.29957	0.526748
22	16	4	4.49364	0.526745
23	16	4	4.68336	0.526742
24	16	4	4.87264	0.526739
25	16	4	5.05979	0.526736
26	16	4	5.26071	0.526733
27	16	4	5.45185	0.526731
28	16	4	5.6416	0.526728
29	16	4	5.83242	0.526726
0	16	5	0.345626	0.527332
1	16	5	0.644569	0.526244
2	16	5	0.897048	0.525964
3	16	5	1.18689	0.525819
4	16	5	1.48379	0.525735
5	16	5	1.733	0.52568
6	16	5	2.01321	0.525641
7	16	5	2.3709	0.525612
8	16	5	2.71167	0.52559
9	16	5	3.12594	0.525574
10	16	5	3.46466	0.525561
11	16	5	3.83484	0.525551
12	16	5	4.17421	0.525543
13	16	5	4.53311	0.525536
14	16	5	4.86833	0.52553
15	16	5	5.20674	0.525524
16	16	5	5.62973	0.52552
17	16	5	5.96386	0.525516
18	16	5	6.32381	0.525512
19	16	5	6.65707	0.525509
20	16	5	7.01141	0.525506
21	16	5	7.34622	0.525503
22	16	5	7.6817	0.5255
23	16	5	8.04812	0.525497
24	16	5	8.3801	0.525495
25	16	5	8.74405	0.525492
26	16	5	9.07798	0.52549
27	16	5	9.43269	0.525488
28	16	5	9.7717	0.525486
29	16	5	10.1111	0.525484
0	16	6	0.25427	0.528713
1	16	6	0.440979	0.527055
2	16	6	0.629445	0.526363
3	16	6	0.813602	0.525894
4	16	6	0.998008	0.525549
5	16	6	1.18222	0.525018
6	16	6	1.36803	0.524442
7	16	6	1.55384	0.523796
8	16	6	1.73789	0.523595
9	16	6	1.92272	0.523177
10	16	6	2.10754	0.522768
11	16	6	2.2919	0.52282
12	16	6	2.47637	0.522916
13	16	6	2.65831	0.522958
14	16	6	2.84028	0.522972
15	16	6	3.02352	0.522896
16	16	6	3.20801	0.522772
17	16	6	3.392	0.522685
18	16	6	3.57616	0.522623
19	16	6	3.76229	0.522587
20	16	6	3.94652	0.522567
21	16	6	4.13104	0.522551
22	16	6	4.31305	0.522537
23	16	6	4.49828	0.522523
24	16	6	4.68244	0.522507
25	16	6	4.86438	0.522491
26	16	6	5.04706	0.522475
27	16	6	5.22896	0.52246
28	16	6	5.41346	0.522446
29	16	6	5.62881	0.522434
0	32	0	0.25846	0.545194
1	32	0	0.448719	0.543387
2	32	0	0.639392	0.54191
3	32	0	0.834097	0.54068
4	32	0	1.02262	0.53964
5	32	0	1.21128	0.538749
6	32	0	1.39999	0.537978
7	32	0	1.58683	0.537304
8	32	0	1.77551	0.536709
9	32	0	1.96205	0.53618
10	32	0	2.1486	0.535707
11	32	0	2.34011	0.535282
12	32	0	2.52913	0.534896
13	32	0	2.71598	0.534546
14	32	0	2.90534	0.534225
15	32	0	3.09109	0.533931
16	32	0	3.27977	0.53366
17	32	0	3.4664	0.53341
18	32	0	3.66957	0.533177
19	32	0	3.90369	0.53296
20	32	0	4.09535	0.532758
21	32	0	4.28351	0.532568
22	32	0	4.47236	0.53239
23	32	0	4.66195	0.532222
24	32	0	4.84828	0.532063
25	32	0	5.03426	0.531913
26	32	0	5.22134	0.531771
27	32	0	5.40877	0.531635
28	32	0	5.59324	0.531506
29	32	0	5.77957	0.531382
0	32	1	0.318777	0.529229
1	32	1	0.510768	0.528616
2	32	1	0.70432	0.528371
3	32	1	0.897389	0.528205
4	32	1	1.09481	0.528111
5	32	1	1.28564	0.528052
6	32	1	1.49113	0.528005
7	32	1	1.70753	0.527961
8	32	1	1.89895	0.52792
9	32	1	2.08969	0.527887
10	32	1	2.28028	0.52786
11	32	1	2.47084	0.527842
12	32	1	2.66112	0.527826
13	32	1	2.861	0.527813
14	32	1	3.05432	0.527802
15	32	1	3.24517	0.527792
16	32	1	3.43484	0.527785
17	32	1	3.6281	0.527779
18	32	1	3.81946	0.527774
19	32	1	4.00985	0.527769
20	32	1	4.20839	0.527754
21	32	1	4.40369	0.52773
22	32	1	4.59593	0.527719
23	32	1	4.78806	0.527712
24	32	1	4.97736	0.527705
25	32	1	5.19598	0.527695
26	32	1	5.38917	0.527686
27	32	1	5.58015	0.527677
28	32	1	5.77597	0.527671
29	32	1	5.97451	0.527668
0	32	2	0.260169	0.540821
1	32	2	0.450037	0.528885
2	32	2	0.646291	0.526679
3	32	2	0.834296	0.526532
4	32	2	1.0251	0.527579
5	32	2	1.21352	0.528949
6	32	2	1.41021	0.529595
7	32	2	1.59939	0.528329
8	32	2	1.78868	0.527135
9	32	2	1.97695	0.525891
10	32	2	2.16533	0.524874
11	32	2	2.35157	0.524321
12	32	2	2.5391	0.524037
13	32	2	2.72553	0.523896
14	32	2	2.93039	0.523782
15	32	2	3.11729	0.523664
16	32	2	3.30485	0.523516
17	32	2	3.49112	0.523344
18	32	2	3.67932	0.523211
19	32	2	3.86879	0.523107
20	32	2	4.05586	0.523017
21	32	2	4.24333	0.522938
22	32	2	4.43187	0.522862
23	32	2	4.62281	0.5228
24	32	2	4.81205	0.522723
25	32	2	4.99947	0.522646
26	32	2	5.18846	0.522569
27	32	2	5.38636	0.522512
28	32	2	5.57405	0.52246
29	32	2	5.76359	0.522402
0	32	4	0.269529	0.527104
1	32	4	0.464192	0.524908
2	32	4	0.661795	0.52437
3	32	4	0.859336	0.524138
4	32	4	1.07151	0.524007
5	32	4	1.26758	0.523918
6	32	4	1.46102	0.523852
7	32	4	1.65872	0.523798
8	32	4	1.86129	0.523753
9	32	4	2.05932	0.523713
10	32	4	2.25348	0.523676
11	32	4	2.45528	0.523642
12	32	4	2.64796	0.52361
13	32	4	2.84211	0.52358
14	32	4	3.03649	0.523551
15	32	4	3.22992	0.523521
16	32	4	3.42317	0.523488
17	32	4	3.63242	0.523454
18	32	4	3.82449	0.523421
19	32	4	4.01676	0.523392
20	32	4	4.21905	0.523368
21	32	4	4.41642	0.523347
22	32	4	4.61101	0.523328
23	32	4	4.80331	0.523309
24	32	4	5.00475	0.52329
25	32	4	5.19987	0.523268
26	32	4	5.39391	0.523243
27	32	4	5.5863	0.523208
28	32	4	5.78285	0.523159
29	32	4	5.99754	0.523089
0	32	5	0.476169	0.525738
1	32	5	0.768536	0.524096
2	32	5	1.07759	0.523653
3	32	5	1.35535	0.523428
4	32	5	1.64947	0.523291
5	32	5	1.96849	0.523189
6	32	5	2.24529	0.523103
7	32	5	2.61938	0.523024
8	32	5	2.99252	0.522946
9	32	5	3.40862	0.522865
10	32	5	3.77965	0.522775
11	32	5	4.1806	0.522663
12	32	5	4.5519	0.52249
13	32	5	4.93255	0.522208
14	32	5	5.31782	0.521713
15	32	5	5.71856	0.521122
16	32	5	6.0908	0.520832
17	32	5	6.51862	0.520689
18	32	5	6.90207	0.520592
19	32	5	7.29007	0.520518
20	32	5	7.68205	0.520458
21	32	5	8.12911	0.520406
22	32	5	8.52008	0.52036
23	32	5	8.9366	0.520319
24	32	5	9.33122	0.520283
25	32	5	9.82152	0.520251
26	32	5	10.2255	0.520222
27	32	5	10.672	0.520196
28	32	5	11.1064	0.520172
29	32	5	11.5117	0.52015
0	32	6	0.257097	0.527322
1	32	6	0.445209	0.524934
2	32	6	0.631329	0.523629
3	32	6	0.818102	0.522556
4	32	6	1.00696	0.521491
5	32	6	1.2538	0.521133
6	32	6	1.44	0.520978
7	32	6	1.62821	0.520603
8	32	6	1.81635	0.52007
9	32	6	2.00527	0.519823
10	32	6	2.19564	0.519646
11	32	6	2.38436	0.51958
12	32	6	2.57178	0.519404
13	32	6	2.75851	0.519372
14	32	6	2.94706	0.519326
15	32	6	3.13263	0.519171
16	32	6	3.31829	0.519084
17	32	6	3.50978	0.519037
18	32	6	3.69668	0.519003
19	32	6	3.88535	0.518974
20	32	6	4.09172	0.518951
21	32	6	4.28116	0.51893
22	32	6	4.4696	0.518906
23	32	6	4.65598	0.518878
24	32	6	4.8454	0.518847
25	32	6	5.03203	0.51882
26	32	6	5.2182	0.518794
27	32	6	5.40458	0.518767
28	32	6	5.5916	0.518735
29	32	6	5.77615	0.518706
0	48	0	0.250879	0.53991
1	48	0	0.447768	0.539015
2	48	0	0.647726	0.538241
3	48	0	0.852312	0.537562
4	48	0	1.05612	0.536961
5	48	0	1.25623	0.536427
6	48	0	1.45946	0.535947
7	48	0	1.65747	0.535514
8	48	0	1.85495	0.535122
9	48	0	2.05463	0.534764
10	48	0	2.25001	0.534436
11	48	0	2.45007	0.534134
12	48	0	2.64483	0.533856
13	48	0	2.84321	0.533597
14	48	0	3.04344	0.533356
15	48	0	3.23904	0.533132
16	48	0	3.44454	0.532921
17	48	0	3.64375	0.532724
18	48	0	3.84703	0.532538
19	48	0	4.04784	0.532362
20	48	0	4.24506	0.532195
21	48	0	4.43831	0.532037
22	48	0	4.63677	0.531887
23	48	0	4.83071	0.531743
24	48	0	5.01961	0.531606
25	48	0	5.21956	0.531474
26	48	0	5.41674	0.531348
27	48	0	5.66519	0.531227
28	48	0	5.86712	0.53111
29	48	0	6.0905	0.530997
0	48	1	0.254202	0.529315
1	48	1	0.463269	0.528523
2	48	1	0.668901	0.528166
3	48	1	0.875447	0.528018
4	48	1	1.14719	0.527929
5	48	1	1.35723	0.527877
6	48	1	1.56661	0.527826
7	48	1	1.77044	0.527789
8	48	1	1.97304	0.527756
9	48	1	2.17492	0.527726
10	48	1	2.38335	0.527699
11	48	1	2.59942	0.527677
12	48	1	2.80299	0.527658
13	48	1	3.00303	0.527643
14	48	1	3.20866	0.527628
15	48	1	3.45161	0.527616
16	48	1	3.65921	0.527608
17	48	1	3.85841	0.527603
18	48	1	4.07531	0.527595
19	48	1	4.28605	0.527583
20	48	1	4.49049	0.52757
21	48	1	4.70521	0.527559
22	48	1	4.9365	0.52755
23	48	1	5.14384	0.527544
24	48	1	5.34342	0.527538
25	48	1	5.54529	0.527531
26	48	1	5.74973	0.527523
27	48	1	5.95526	0.527515
28	48	1	6.15426	0.52751
29	48	1	6.35343	0.527506
0	48	2	0.260337	0.542277
1	48	2	0.461317	0.530982
2	48	2	0.66124	0.528896
3	48	2	0.863022	0.528642
4	48	2	1.06351	0.529891
5	48	2	1.27095	0.529004
6	48	2	1.47589	0.526911
7	48	2	1.67844	0.525155
8	48	2	1.87949	0.523937
9	48	2	2.08177	0.523211
10	48	2	2.28343	0.52278
11	48	2	2.48204	0.522553
12	48	2	2.67949	0.522404
13	48	2	2.88399	0.522322
14	48	2	3.08499	0.52224
15	48	2	3.28495	0.522192
16	48	2	3.48574	0.522145
17	48	2	3.69015	0.522077
18	48	2	3.88897	0.521989
19	48	2	4.08956	0.521876
20	48	2	4.28858	0.521768
21	48	2	4.49033	0.521668
22	48	2	4.69166	0.521575
23	48	2	4.89331	0.521471
24	48	2	5.09194	0.521363
25	48	2	5.29513	0.521276
26	48	2	5.4935	0.521187
27	48	2	5.68959	0.521124
28	48	2	5.9431	0.521072
29	48	2	6.14819	0.521023
0	48	4	0.273768	0.525497
1	48	4	0.482787	0.52324
2	48	4	0.694316	0.522637
3	48	4	0.938592	0.522328
4	48	4	1.1594	0.522121
5	48	4	1.37567	0.521944
6	48	4	1.58471	0.521752
7	48	4	1.80243	0.521513
8	48	4	2.01868	0.521238
9	48	4	2.22166	0.520933
10	48	4	2.44195	0.520533
11	48	4	2.6569	0.52001
12	48	4	2.8647	0.519714
13	48	4	3.07775	0.519557
14	48	4	3.29275	0.519456
15	48	4	3.52363	0.519384
16	48	4	3.7317	0.519329
17	48	4	3.93436	0.519283
18	48	4	4.14733	0.519245
19	48	4	4.36754	0.519211
20	48	4	4.57005	0.519182
21	48	4	4.78431	0.519156
22	48	4	5.01323	0.519131
23	48	4	5.22856	0.519108
24	48	4	5.45171	0.519087
25	48	4	5.66154	0.519067
26	48	4	5.87084	0.519048
27	48	4	6.109	0.51903
28	48	4	6.31376	0.519015
29	48	4	6.51668	0.519
0	48	5	0.523534	0.524487
1	48	5	0.861019	0.522561
2	48	5	1.22775	0.521955
3	48	5	1.54616	0.521523
4	48	5	1.91839	0.521121
5	48	5	2.23725	0.520596
6	48	5	2.54663	0.519978
7	48	5	2.99047	0.51943
8	48	5	3.403	0.519048
9	48	5	3.83279	0.518787
10	48	5	4.27806	0.518586
11	48	5	4.69465	0.518419
12	48	5	5.12086	0.518279
13	48	5	5.55119	0.51816
14	48	5	6.02041	0.518061
15	48	5	6.45984	0.517977
16	48	5	6.89542	0.517903
17	48	5	7.32748	0.517836
18	48	5	7.83495	0.517773
19	48	5	8.32494	0.517715
20	48	5	8.76884	0.517659
21	48	5	9.24883	0.517608
22	48	5	9.68867	0.51756
23	48	5	10.2057	0.517516
24	48	5	10.7157	0.517476
25	48	5	11.1531	0.517439
26	48	5	11.6029	0.517404
27	48	5	12.0418	0.517372
28	48	5	12.5719	0.517342
29	48	5	13.0717	0.517313
0	48	6	0.254318	0.527071
1	48	6	0.458524	0.523912
2	48	6	0.657303	0.52137
3	48	6	0.863625	0.519103
4	48	6	1.06628	0.518098
5	48	6	1.26863	0.517579
6	48	6	1.46591	0.517432
7	48	6	1.67303	0.517442
8	48	6	1.86678	0.517441
9	48	6	2.06822	0.517063
10	48	6	2.2633	0.516742
11	48	6	2.45856	0.516661
12	48	6	2.65475	0.516598
13	48	6	2.85392	0.516594
14	48	6	3.04658	0.516475
15	48	6	3.24823	0.516198
16	48	6	3.44677	0.515911
17	48	6	3.65004	0.515778
18	48	6	3.84796	0.515679
19	48	6	4.0505	0.515612
20	48	6	4.24574	0.515554
21	48	6	4.4434	0.515507
22	48	6	4.64429	0.515469
23	48	6	4.83701	0.515438
24	48	6	5.03326	0.515414
25	48	6	5.22584	0.515395
26	48	6	5.42504	0.515383
27	48	6	5.62269	0.515393
28	48	6	5.81434	0.515504
29	48	6	6.00825	0.515602
0	64	0	0.315776	0.537672
1	64	0	0.521947	0.537061
2	64	0	0.723736	0.53652
3	64	0	0.932805	0.536033
4	64	0	1.14018	0.535593
5	64	0	1.34347	0.535194
6	64	0	1.54199	0.534828
7	64	0	1.74682	0.534493
8	64	0	1.94917	0.534184
9	64	0	2.1511	0.533898
10	64	0	2.3556	0.533633
11	64	0	2.55494	0.533385
12	64	0	2.74777	0.533153
13	64	0	2.94807	0.532936
14	64	0	3.15318	0.532731
15	64	0	3.34874	0.532538
16	64	0	3.54957	0.532355
17	64	0	3.75199	0.532182
18	64	0	3.95217	0.532017
19	64	0	4.15574	0.53186
20	64	0	4.35314	0.53171
21	64	0	4.55085	0.531566
22	64	0	4.74696	0.531428
23	64	0	4.97361	0.531295
24	64	0	5.17418	0.531168
25	64	0	5.37219	0.531044
26	64	0	5.57194	0.530925
27	64	0	5.77408	0.53081
28	64	0	5.97164	0.530698
29	64	0	6.16704	0.530589
0	64	1	0.258584	0.529029
1	64	1	0.475702	0.528162
2	64	1	0.696297	0.527776
3	64	1	0.913184	0.527576
4	64	1	1.13567	0.527466
5	64	1	1.36104	0.527384
6	64	1	1.57867	0.527318
7	64	1	1.79253	0.527256
8	64	1	2.00402	0.527209
9	64	1	2.23761	0.527174
10	64	1	2.44609	0.527149
11	64	1	2.65872	0.527124
12	64	1	2.8762	0.527092
13	64	1	3.08576	0.527065
14	64	1	3.29603	0.527046
15	64	1	3.5019	0.527029
16	64	1	3.70757	0.527015
17	64	1	3.91767	0.527006
18	64	1	4.12495	0.526998
19	64	1	4.33442	0.526991
20	64	1	4.55629	0.526985
21	64	1	4.76417	0.526979
22	64	1	4.97366	0.526975
23	64	1	5.19015	0.526972
24	64	1	5.40164	0.526969
25	64	1	5.61162	0.526966
26	64	1	5.81934	0.526963
27	64	1	6.02797	0.526959
28	64	1	6.24218	0.526956
29	64	1	6.44952	0.526952
0	64	2	0.259728	0.545635
1	64	2	0.470839	0.535431
2	64	2	0.684514	0.533399
3	64	2	0.893633	0.53168
4	64	2	1.10293	0.53023
5	64	2	1.31346	0.526659
6	64	2	1.52349	0.524699
7	64	2	1.73371	0.523599
8	64	2	1.94298	0.522908
9	64	2	2.14486	0.522473
10	64	2	2.35533	0.522179
11	64	2	2.5602	0.521986
12	64	2	2.7744	0.521869
13	64	2	2.97453	0.521748
14	64	2	3.17399	0.521662
15	64	2	3.36965	0.52156
16	64	2	3.56853	0.521484
17	64	2	3.79688	0.521391
18	64	2	4.00078	0.521262
19	64	2	4.19882	0.521094
20	64	2	4.39922	0.520925
21	64	2	4.59749	0.520755
22	64	2	4.80542	0.520601
23	64	2	5.00447	0.520482
24	64	2	5.20939	0.520371
25	64	2	5.40402	0.520271
26	64	2	5.60555	0.520182
27	64	2	5.80782	0.520102
28	64	2	6.01338	0.520044
29	64	2	6.21508	0.519993
0	64	4	0.342608	0.524494
1	64	4	0.586557	0.521933
2	64	4	0.814756	0.521008
3	64	4	1.04047	0.520267
4	64	4	1.26736	0.519539
5	64	4	1.4887	0.518972
6	64	4	1.70998	0.518489
7	64	4	1.93038	0.518033
8	64	4	2.14525	0.517685
9	64	4	2.35699	0.517445
10	64	4	2.61376	0.51727
11	64	4	2.82618	0.517135
12	64	4	3.04567	0.517023
13	64	4	3.26409	0.516925
14	64	4	3.47916	0.516839
15	64	4	3.6886	0.516762
16	64	4	3.90167	0.516691
17	64	4	4.12255	0.516627
18	64	4	4.33385	0.516571
19	64	4	4.54707	0.516522
20	64	4	4.75395	0.516479
21	64	4	4.981	0.516441
22	64	4	5.18716	0.516407
23	64	4	5.3946	0.516376
24	64	4	5.61471	0.516348
25	64	4	5.83289	0.516322
26	64	4	6.03953	0.516298
27	64	4	6.25275	0.516277
28	64	4	6.46816	0.516258
29	64	4	6.68022	0.516241
0	64	5	0.490043	0.523587
1	64	5	0.885005	0.521068
2	64	5	1.23055	0.520027
3	64	5	1.57	0.519172
4	64	5	1.96676	0.518423
5	64	5	2.30723	0.517671
6	64	5	2.68484	0.516993
7	64	5	3.17295	0.516578
8	64	5	3.64589	0.516299
9	64	5	4.21257	0.516091
10	64	5	4.67574	0.515924
11	64	5	5.14407	0.515786
12	64	5	5.66891	0.515666
13	64	5	6.13393	0.51556
14	64	5	6.66991	0.515464
15	64	5	7.19266	0.515377
16	64	5	7.66207	0.515299
17	64	5	8.15112	0.515228
18	64	5	8.63467	0.515162
19	64	5	9.11266	0.515157
20	64	5	9.60943	0.515028
21	64	5	10.1561	0.514985
22	64	5	10.6041	0.514999
23	64	5	11.1947	0.514893
24	64	5	11.6683	0.514865
25	64	5	12.1408	0.514888
26	64	5	12.653	0.514794
27	64	5	13.1055	0.514823
28	64	5	13.6709	0.514735
29	64	5	14.2346	0.514714
0	64	6	0.25568	0.527077
1	64	6	0.465669	0.522789
2	64	6	0.687301	0.519949
3	64	6	0.898652	0.517497
4	64	6	1.10936	0.51593
5	64	6	1.32814	0.515208
6	64	6	1.55835	0.514852
7	64	6	1.7683	0.51426
8	64	6	1.97177	0.514011
9	64	6	2.17584	0.513886
10	64	6	2.37449	0.513777
11	64	6	2.57136	0.513574
12	64	6	2.7673	0.513322
13	64	6	2.96294	0.513106
14	64	6	3.15717	0.512996
15	64	6	3.35966	0.512839
16	64	6	3.56169	0.51273
17	64	6	3.76195	0.512656
18	64	6	4.01075	0.512593
19	64	6	4.21231	0.512534
20	64	6	4.40703	0.51249
21	64	6	4.59999	0.512463
22	64	6	4.79599	0.512446
23	64	6	4.98981	0.51244
24	64	6	5.18469	0.512445
25	64	6	5.38236	0.512473
26	64	6	5.57602	0.512567
27	64	6	5.77382	0.512664
28	64	6	5.97611	0.512635
29	64	6	6.17128	0.512516
0	96	0	0.27185	0.535158
1	96	0	0.489778	0.534796
2	96	0	0.703528	0.534463
3	96	0	0.91858	0.534154
4	96	0	1.12869	0.533868
5	96	0	1.33859	0.533601
6	96	0	1.54588	0.533352
7	96	0	1.75556	0.533118
8	96	0	1.97006	0.532897
9	96	0	2.18424	0.532689
10	96	0	2.39452	0.532493
11	96	0	2.59891	0.532306
12	96	0	2.80672	0.532128
13	96	0	3.00852	0.531959
14	96	0	3.23003	0.531797
15	96	0	3.44068	0.531642
16	96	0	3.64288	0.531493
17	96	0	3.8474	0.53135
18	96	0	4.06101	0.531212
19	96	0	4.27415	0.531079
20	96	0	4.4903	0.53095
21	96	0	4.69973	0.530825
22	96	0	4.90623	0.530704
23	96	0	5.11018	0.530587
24	96	0	5.3184	0.530472
25	96	0	5.5277	0.53036
26	96	0	5.73497	0.530251
27	96	0	5.94077	0.530145
28	96	0	6.14349	0.530041
29	96	0	6.35635	0.529939
0	96	1	0.279599	0.529134
1	96	1	0.517666	0.52831
2	96	1	0.753883	0.528045
3	96	1	0.986909	0.527873
4	96	1	1.2237	0.527743
5	96	1	1.4481	0.527656
6	96	1	1.67112	0.527583
7	96	1	1.89528	0.527521
8	96	1	2.1589	0.527457
9	96	1	2.38266	0.527403
10	96	1	2.60945	0.527369
11	96	1	2.84396	0.527344
12	96	1	3.06273	0.527328
13	96	1	3.28846	0.527314
14	96	1	3.52705	0.527302
15	96	1	3.74375	0.527289
16	96	1	3.9596	0.527278
17	96	1	4.18868	0.527268
18	96	1	4.40441	0.527258
19	96	1	4.63998	0.527249
20	96	1	4.86136	0.52724
21	96	1	5.0857	0.527231
22	96	1	5.32717	0.527223
23	96	1	5.55067	0.527218
24	96	1	5.78037	0.527213
25	96	1	6.01574	0.527208
26	96	1	6.23432	0.527202
27	96	1	6.46635	0.527197
28	96	1	6.68854	0.527192
29	96	1	6.98148	0.527188
0	96	2	0.269676	0.552499
1	96	2	0.491734	0.54972
2	96	2	0.710551	0.541038
3	96	2	0.928249	0.534636
4	96	2	1.1384	0.531451
5	96	2	1.34246	0.529276
6	96	2	1.55483	0.527737
7	96	2	1.79279	0.526298
8	96	2	2.00741	0.525183
9	96	2	2.22704	0.524394
10	96	2	2.43954	0.523896
11	96	2	2.66106	0.523538
12	96	2	2.87012	0.523222
13	96	2	3.08414	0.52293
14	96	2	3.30098	0.522577
15	96	2	3.51881	0.522277
16	96	2	3.73797	0.521976
17	96	2	3.95271	0.521717
18	96	2	4.16976	0.521483
19	96	2	4.38019	0.521238
20	96	2	4.5951	0.521047
21	96	2	4.80852	0.520908
22	96	2	5.02069	0.520816
23	96	2	5.23207	0.520749
24	96	2	5.44386	0.520662
25	96	2	5.65514	0.520601
26	96	2	5.8635	0.520578
27	96	2	6.07371	0.520614
28	96	2	6.28046	0.52068
29	96	2	6.48489	0.520733
0	96	4	0.3112	0.523008
1	96	4	0.564298	0.519766
2	96	4	0.794614	0.51796
3	96	4	1.0405	0.516391
4	96	4	1.27264	0.515182
5	96	4	1.53309	0.514426
6	96	4	1.75676	0.513922
7	96	4	2.00748	0.513543
8	96	4	2.23992	0.513251
9	96	4	2.47159	0.513008
10	96	4	2.70583	0.512806
11	96	4	2.94759	0.512636
12	96	4	3.16871	0.512493
13	96	4	3.40088	0.51237
14	96	4	3.62459	0.512262
15	96	4	3.85804	0.512168
16	96	4	4.08742	0.512084
17	96	4	4.35206	0.512008
18	96	4	4.58245	0.511937
19	96	4	4.81499	0.511869
20	96	4	5.07132	0.511807
21	96	4	5.30113	0.511749
22	96	4	5.52929	0.511695
23	96	4	5.76519	0.511645
24	96	4	5.99354	0.5116
25	96	4	6.22311	0.511559
26	96	4	6.45988	0.511521
27	96	4	6.70631	0.511486
28	96	4	6.92958	0.511453
29	96	4	7.15514	0.511421
0	96	5	0.65963	0.522431
1	96	5	1.11859	0.518744
2	96	5	1.56984	0.516545
3	96	5	1.96243	0.514855
4	96	5	2.44425	0.513778
5	96	5	2.8851	0.513041
6	96	5	3.2841	0.512514
7	96	5	3.83912	0.51213
8	96	5	4.36967	0.511846
9	96	5	4.91896	0.511627
10	96	5	5.50518	0.511444
11	96	5	6.05705	0.511283
12	96	5	6.58744	0.511136
13	96	5	7.15993	0.511002
14	96	5	7.74007	0.51088
15	96	5	8.28307	0.510769
16	96	5	8.83941	0.510668
17	96	5	9.44229	0.510575
18	96	5	10.0369	0.51049
19	96	5	10.6033	0.510412
20	96	5	11.1361	0.51034
21	96	5	11.7521	0.510275
22	96	5	12.335	0.510217
23	96	5	12.9078	0.510164
24	96	5	13.4389	0.510115
25	96	5	14.0801	0.51007
26	96	5	14.6497	0.510028
27	96	5	15.2354	0.509991
28	96	5	15.7676	0.509957
29	96	5	16.3826	0.509926
0	96	6	0.266188	0.525779
1	96	6	0.481119	0.519865
2	96	6	0.692285	0.515123
3	96	6	0.907652	0.51251
4	96	6	1.11977	0.511234
5	96	6	1.33436	0.510237
6	96	6	1.55591	0.509501
7	96	6	1.76912	0.508942
8	96	6	1.98587	0.508854
9	96	6	2.19658	0.508502
10	96	6	2.40749	0.508331
11	96	6	2.60899	0.508142
12	96	6	2.81701	0.507958
13	96	6	3.06037	0.507837
14	96	6	3.27194	0.507746
15	96	6	3.48205	0.507664
16	96	6	3.71296	0.507585
17	96	6	3.92354	0.507513
18	96	6	4.12737	0.507449
19	96	6	4.33287	0.507389
20	96	6	4.53981	0.507334
21	96	6	4.74968	0.507282
22	96	6	4.95434	0.507237
23	96	6	5.15657	0.507199
24	96	6	5.35753	0.507167
25	96	6	5.56785	0.507141
26	96	6	5.77508	0.507125
27	96	6	5.98399	0.50713
28	96	6	6.20782	0.507204
29	96	6	6.41341	0.507453
