iter k algo time relerr
0 16 0 0.318561 0.294065
1 16 0 0.574142 0.279508
2 16 0 0.833667 0.269203
3 16 0 1.09188 0.261216
4 16 0 1.34924 0.254855
5 16 0 1.60806 0.24967
6 16 0 1.86416 0.245364
7 16 0 2.12068 0.24173
8 16 0 2.37578 0.238621
9 16 0 2.63381 0.235927
10 16 0 2.88888 0.233569
11 16 0 3.14297 0.231482
12 16 0 3.39936 0.229617
13 16 0 3.65337 0.227934
14 16 0 3.90833 0.226401
15 16 0 4.16187 0.22499
16 16 0 4.41664 0.223678
17 16 0 4.67015 0.222445
18 16 0 4.92565 0.221272
19 16 0 5.17964 0.220143
20 16 0 5.43563 0.219042
21 16 0 5.69207 0.217955
22 16 0 5.94746 0.216868
23 16 0 6.20054 0.215767
24 16 0 6.45491 0.214639
25 16 0 6.70838 0.213472
26 16 0 6.96377 0.212255
27 16 0 7.21772 0.210978
28 16 0 7.47258 0.209634
29 16 0 7.73023 0.208217
0 16 1 0.32299 0.340429
1 16 1 0.580695 0.332188
2 16 1 0.841029 0.327303
3 16 1 1.09921 0.326621
4 16 1 1.35825 0.325953
5 16 1 1.61417 0.325673
6 16 1 1.87441 0.325646
7 16 1 2.13013 0.32574
8 16 1 2.38931 0.325898
9 16 1 2.64859 0.32606
10 16 1 2.90555 0.32626
11 16 1 3.16089 0.326709
12 16 1 3.41919 0.327049
13 16 1 3.67766 0.326177
14 16 1 3.93669 0.325873
15 16 1 4.19207 0.325802
16 16 1 4.44836 0.325712
17 16 1 4.7046 0.325494
18 16 1 4.96389 0.325441
19 16 1 5.22175 0.325465
20 16 1 5.47906 0.325487
21 16 1 5.73708 0.325537
22 16 1 5.99646 0.325589
23 16 1 6.25405 0.325595
24 16 1 6.51188 0.325586
25 16 1 6.76942 0.325574
26 16 1 7.02598 0.325585
27 16 1 7.2823 0.3256
28 16 1 7.5363 0.325545
29 16 1 7.79281 0.325513
0 16 2 0.327844 0.205337
1 16 2 0.582343 0.157627
2 16 2 0.838015 0.140942
3 16 2 1.09485 0.138147
4 16 2 1.3545 0.137385
5 16 2 1.6108 0.136974
6 16 2 1.86707 0.136589
7 16 2 2.12158 0.136198
8 16 2 2.38142 0.135824
9 16 2 2.63784 0.135496
10 16 2 2.894 0.135214
11 16 2 3.14742 0.134977
12 16 2 3.40221 0.134792
13 16 2 3.65619 0.134647
14 16 2 3.91069 0.134535
15 16 2 4.16368 0.134444
16 16 2 4.41616 0.134368
17 16 2 4.67009 0.134305
18 16 2 4.92585 0.134251
19 16 2 5.18014 0.134204
20 16 2 5.43243 0.134161
21 16 2 5.68666 0.134122
22 16 2 5.94273 0.134086
23 16 2 6.19743 0.134051
24 16 2 6.45256 0.134018
25 16 2 6.7051 0.133985
26 16 2 6.96168 0.133953
27 16 2 7.23385 0.133921
28 16 2 7.4888 0.133889
29 16 2 7.74323 0.133857
0 16 4 0.341638 0.2054
1 16 4 0.602118 0.160532
2 16 4 0.865355 0.143211
3 16 4 1.12836 0.138584
4 16 4 1.38819 0.13758
5 16 4 1.64758 0.137142
6 16 4 1.90876 0.136881
7 16 4 2.16834 0.136699
8 16 4 2.43063 0.136576
9 16 4 2.69408 0.136497
10 16 4 2.95716 0.136444
11 16 4 3.21849 0.136408
12 16 4 3.47866 0.13638
13 16 4 3.73785 0.136357
14 16 4 3.99871 0.136338
15 16 4 4.25807 0.136322
16 16 4 4.51784 0.136309
17 16 4 4.77696 0.136297
18 16 4 5.03897 0.136287
19 16 4 5.30006 0.136279
20 16 4 5.56252 0.136272
21 16 4 5.8218 0.136266
22 16 4 6.0823 0.136262
23 16 4 6.3436 0.136258
24 16 4 6.60281 0.136255
25 16 4 6.86233 0.136253
26 16 4 7.12354 0.136251
27 16 4 7.38091 0.136249
28 16 4 7.63819 0.136248
29 16 4 7.89757 0.136247
0 16 5 0.334491 0.205267
1 16 5 0.598516 0.159673
2 16 5 0.864243 0.142442
3 16 5 1.12929 0.137434
4 16 5 1.39486 0.136182
5 16 5 1.66191 0.135572
6 16 5 1.93038 0.135162
7 16 5 2.20421 0.134524
8 16 5 2.6212 0.134484
9 16 5 2.89102 0.134321
10 16 5 3.30437 0.134284
11 16 5 3.57266 0.134204
12 16 5 3.98551 0.134199
13 16 5 4.25298 0.13418
14 16 5 4.67116 0.134178
15 16 5 4.94075 0.134178
16 16 5 5.3486 0.134181
17 16 5 5.75772 0.134183
18 16 5 6.16989 0.134186
19 16 5 6.5805 0.134189
20 16 5 6.98888 0.134193
21 16 5 7.39971 0.134197
22 16 5 7.81913 0.134201
23 16 5 8.23125 0.134206
24 16 5 8.64261 0.134211
25 16 5 9.05579 0.134217
26 16 5 9.4642 0.134223
27 16 5 9.8739 0.134228
28 16 5 10.2826 0.134235
29 16 5 10.69 0.134241
0 16 6 0.322382 0.324835
1 16 6 0.579669 0.296633
2 16 6 0.83647 0.288689
3 16 6 1.09488 0.286399
4 16 6 1.35083 0.284384
5 16 6 1.60436 0.283287
6 16 6 1.85725 0.28275
7 16 6 2.11118 0.283544
8 16 6 2.36997 0.285284
9 16 6 2.63017 0.283091
10 16 6 2.88602 0.282056
11 16 6 3.1392 0.281989
12 16 6 3.39308 0.282231
13 16 6 3.64624 0.282537
14 16 6 3.90175 0.282412
15 16 6 4.15697 0.282074
16 16 6 4.41125 0.28188
17 16 6 4.66478 0.281811
18 16 6 4.91988 0.281788
19 16 6 5.17833 0.281779
20 16 6 5.43244 0.281774
21 16 6 5.68914 0.281772
22 16 6 5.94421 0.28177
23 16 6 6.19887 0.281769
24 16 6 6.45322 0.281767
25 16 6 6.70666 0.281767
26 16 6 6.96305 0.281766
27 16 6 7.21636 0.281765
28 16 6 7.47122 0.281765
29 16 6 7.72436 0.281764
0 32 0 0.335233 0.257421
1 32 0 0.602806 0.250408
2 32 0 0.86994 0.245459
3 32 0 1.13449 0.24132
4 32 0 1.39948 0.237805
5 32 0 1.66582 0.234778
6 32 0 1.93263 0.232141
7 32 0 2.19438 0.229818
8 32 0 2.45807 0.227752
9 32 0 2.72333 0.225896
10 32 0 2.98915 0.224214
11 32 0 3.25329 0.222676
12 32 0 3.51859 0.221255
13 32 0 3.78049 0.21993
14 32 0 4.05368 0.218681
15 32 0 4.31862 0.217491
16 32 0 4.58349 0.216343
17 32 0 4.84774 0.215221
18 32 0 5.11318 0.21411
19 32 0 5.37438 0.212995
20 32 0 5.63862 0.21186
21 32 0 5.9027 0.21069
22 32 0 6.16977 0.20947
23 32 0 6.43095 0.208182
24 32 0 6.69474 0.206814
25 32 0 6.95943 0.205351
26 32 0 7.2251 0.203782
27 32 0 7.48939 0.202099
28 32 0 7.75242 0.200297
29 32 0 8.01182 0.19838
0 32 1 0.337938 0.339054
1 32 1 0.608557 0.330369
2 32 1 0.882237 0.327551
3 32 1 1.15266 0.325925
4 32 1 1.41945 0.325475
5 32 1 1.68654 0.325324
6 32 1 1.95497 0.325238
7 32 1 2.22313 0.32522
8 32 1 2.49302 0.325205
9 32 1 2.75879 0.325148
10 32 1 3.02825 0.32512
11 32 1 3.29639 0.325138
12 32 1 3.56126 0.325124
13 32 1 3.82935 0.325083
14 32 1 4.10253 0.325067
15 32 1 4.36898 0.325055
16 32 1 4.63932 0.325042
17 32 1 4.90788 0.325039
18 32 1 5.17715 0.325042
19 32 1 5.44572 0.325048
20 32 1 5.71554 0.325024
21 32 1 5.98741 0.325008
22 32 1 6.2553 0.325
23 32 1 6.52202 0.324994
24 32 1 6.79431 0.324988
25 32 1 7.06516 0.324981
26 32 1 7.33375 0.324991
27 32 1 7.59912 0.325002
28 32 1 7.86734 0.32501
29 32 1 8.1349 0.325019
0 32 2 0.344872 0.185183
1 32 2 0.612102 0.131192
2 32 2 0.882784 0.120446
3 32 2 1.14843 0.117003
4 32 2 1.41605 0.115071
5 32 2 1.68285 0.113605
6 32 2 1.94881 0.112427
7 32 2 2.21342 0.111459
8 32 2 2.4788 0.110649
9 32 2 2.74207 0.110017
10 32 2 3.01206 0.109525
11 32 2 3.27816 0.109169
12 32 2 3.5427 0.108909
13 32 2 3.80995 0.108709
14 32 2 4.07718 0.108544
15 32 2 4.34353 0.108403
16 32 2 4.61268 0.10828
17 32 2 4.87985 0.108179
18 32 2 5.14715 0.108095
19 32 2 5.4132 0.108023
20 32 2 5.68075 0.107958
21 32 2 5.9468 0.107898
22 32 2 6.21332 0.107839
23 32 2 6.48333 0.10778
24 32 2 6.7497 0.107723
25 32 2 7.01715 0.107667
26 32 2 7.28597 0.107613
27 32 2 7.55369 0.107566
28 32 2 7.82128 0.107521
29 32 2 8.0888 0.107478
0 32 4 0.352532 0.189558
1 32 4 0.628017 0.125063
2 32 4 0.90194 0.114425
3 32 4 1.1746 0.111367
4 32 4 1.44516 0.109784
5 32 4 1.71966 0.108921
6 32 4 1.99516 0.108484
7 32 4 2.26911 0.108241
8 32 4 2.53955 0.108085
9 32 4 2.81181 0.107976
10 32 4 3.08722 0.107894
11 32 4 3.36234 0.10783
12 32 4 3.65826 0.107779
13 32 4 3.93074 0.107735
14 32 4 4.20418 0.107698
15 32 4 4.4766 0.107666
16 32 4 4.74719 0.107637
17 32 4 5.017 0.107611
18 32 4 5.29122 0.107588
19 32 4 5.56666 0.107567
20 32 4 5.83774 0.107548
21 32 4 6.10804 0.107531
22 32 4 6.38214 0.107516
23 32 4 6.65171 0.107502
24 32 4 6.92288 0.107489
25 32 4 7.19461 0.107478
26 32 4 7.46671 0.107469
27 32 4 7.73938 0.10746
28 32 4 8.00958 0.107452
29 32 4 8.27951 0.107444
0 32 5 0.368214 0.191846
1 32 5 0.648223 0.132276
2 32 5 1.00098 0.119887
3 32 5 1.35287 0.116741
4 32 5 1.71219 0.115492
5 32 5 2.05121 0.114748
6 32 5 2.35124 0.114301
7 32 5 2.64042 0.113485
8 32 5 3.08435 0.113461
9 32 5 3.36853 0.113323
10 32 5 3.80055 0.113318
11 32 5 4.09808 0.113318
12 32 5 4.55923 0.113338
13 32 5 4.99296 0.113351
14 32 5 5.42851 0.113363
15 32 5 5.85951 0.113374
16 32 5 6.29082 0.113385
17 32 5 6.72802 0.113396
18 32 5 7.16109 0.113406
19 32 5 7.59519 0.113416
20 32 5 8.02502 0.113425
21 32 5 8.45141 0.113433
22 32 5 8.89434 0.11344
23 32 5 9.32598 0.113447
24 32 5 9.76111 0.113454
25 32 5 10.1958 0.113459
26 32 5 10.6244 0.113464
27 32 5 11.0585 0.113469
28 32 5 11.4878 0.113473
29 32 5 11.9135 0.113477
0 32 6 0.338838 0.320448
1 32 6 0.604316 0.292682
2 32 6 0.873273 0.286964
3 32 6 1.13973 0.285324
4 32 6 1.41026 0.282361
5 32 6 1.67623 0.280988
6 32 6 1.94108 0.281724
7 32 6 2.20537 0.281461
8 32 6 2.4715 0.279277
9 32 6 2.73828 0.278524
10 32 6 3.00551 0.278558
11 32 6 3.27261 0.278214
12 32 6 3.53495 0.277816
13 32 6 3.79423 0.27749
14 32 6 4.05796 0.277297
15 32 6 4.32326 0.277266
16 32 6 4.58825 0.277255
17 32 6 4.85513 0.27725
18 32 6 5.11976 0.277247
19 32 6 5.3844 0.277246
20 32 6 5.64828 0.277244
21 32 6 5.91219 0.277244
22 32 6 6.17481 0.277243
23 32 6 6.43834 0.277242
24 32 6 6.69994 0.277242
25 32 6 6.96089 0.277242
26 32 6 7.22719 0.277242
27 32 6 7.49045 0.277241
28 32 6 7.7496 0.277241
29 32 6 8.01022 0.277241
0 48 0 0.340991 0.23902
1 48 0 0.615322 0.234782
2 48 0 0.891538 0.231991
3 48 0 1.16455 0.229556
4 48 0 1.45141 0.227409
5 48 0 1.72154 0.225499
6 48 0 1.98927 0.223785
7 48 0 2.2567 0.222234
8 48 0 2.52408 0.22082
9 48 0 2.79082 0.219519
10 48 0 3.06129 0.218314
11 48 0 3.33071 0.217187
12 48 0 3.59816 0.216125
13 48 0 3.8632 0.215114
14 48 0 4.13117 0.214142
15 48 0 4.39793 0.213196
16 48 0 4.66309 0.212266
17 48 0 4.93007 0.21134
18 48 0 5.19667 0.210405
19 48 0 5.46426 0.20945
20 48 0 5.73119 0.20846
21 48 0 5.99843 0.207422
22 48 0 6.26812 0.206323
23 48 0 6.53401 0.205146
24 48 0 6.79913 0.203876
25 48 0 7.06577 0.202501
26 48 0 7.37284 0.201005
27 48 0 7.63734 0.199379
28 48 0 7.90641 0.197614
29 48 0 8.17503 0.195709
0 48 1 0.353787 0.337814
1 48 1 0.638729 0.330777
2 48 1 0.924382 0.328135
3 48 1 1.21129 0.325957
4 48 1 1.4938 0.325605
5 48 1 1.76822 0.325544
6 48 1 2.04907 0.32606
7 48 1 2.32362 0.326569
8 48 1 2.59743 0.326087
9 48 1 2.8738 0.325695
10 48 1 3.14972 0.325313
11 48 1 3.42369 0.32524
12 48 1 3.70464 0.325065
13 48 1 3.9821 0.324966
14 48 1 4.25812 0.324894
15 48 1 4.54314 0.324865
16 48 1 4.81719 0.324866
17 48 1 5.09074 0.324886
18 48 1 5.36287 0.324874
19 48 1 5.63759 0.324907
20 48 1 5.91368 0.32491
21 48 1 6.18745 0.324882
22 48 1 6.46378 0.324852
23 48 1 6.74087 0.324837
24 48 1 7.01499 0.324844
25 48 1 7.28865 0.324871
26 48 1 7.56357 0.324887
27 48 1 7.83959 0.324855
28 48 1 8.11277 0.324866
29 48 1 8.38359 0.324886
0 48 2 0.363631 0.173394
1 48 2 0.635259 0.124455
2 48 2 0.910221 0.110706
3 48 2 1.18687 0.106888
4 48 2 1.46376 0.104211
5 48 2 1.73656 0.10231
6 48 2 2.00838 0.101043
7 48 2 2.28633 0.100218
8 48 2 2.55881 0.0995728
9 48 2 2.82814 0.0990032
10 48 2 3.10341 0.0984887
11 48 2 3.3745 0.0980281
12 48 2 3.65434 0.0976377
13 48 2 3.9343 0.0973208
14 48 2 4.2092 0.097061
15 48 2 4.47876 0.0968456
16 48 2 4.75052 0.0966684
17 48 2 5.01669 0.0965279
18 48 2 5.28376 0.0964095
19 48 2 5.55746 0.0963042
20 48 2 5.83136 0.0962135
21 48 2 6.10101 0.0961383
22 48 2 6.37049 0.0960721
23 48 2 6.64182 0.0960102
24 48 2 6.90954 0.0959532
25 48 2 7.18043 0.0958976
26 48 2 7.45008 0.0958414
27 48 2 7.71759 0.0957852
28 48 2 7.9875 0.0957281
29 48 2 8.25739 0.0956673
0 48 4 0.366222 0.173711
1 48 4 0.652534 0.107636
2 48 4 0.9364 0.0986207
3 48 4 1.21677 0.0958185
4 48 4 1.50604 0.0947409
5 48 4 1.78864 0.0941854
6 48 4 2.07371 0.093854
7 48 4 2.35774 0.093633
8 48 4 2.64453 0.0934749
9 48 4 2.92596 0.0933559
10 48 4 3.20718 0.0932653
11 48 4 3.48829 0.0931927
12 48 4 3.77181 0.0931326
13 48 4 4.0514 0.0930817
14 48 4 4.33011 0.0930382
15 48 4 4.61186 0.0930008
16 48 4 4.89698 0.0929684
17 48 4 5.17964 0.0929401
18 48 4 5.45977 0.0929152
19 48 4 5.73892 0.0928934
20 48 4 6.01915 0.092874
21 48 4 6.3042 0.0928563
22 48 4 6.58467 0.0928402
23 48 4 6.86713 0.0928254
24 48 4 7.14841 0.0928117
25 48 4 7.43037 0.092799
26 48 4 7.71643 0.0927872
27 48 4 7.99655 0.0927761
28 48 4 8.28291 0.0927657
29 48 4 8.56677 0.0927557
0 48 5 0.378901 0.183639
1 48 5 0.672528 0.119844
2 48 5 0.969962 0.110779
3 48 5 1.26198 0.10798
4 48 5 1.55974 0.106596
5 48 5 1.85536 0.10576
6 48 5 2.15315 0.105223
7 48 5 2.45427 0.104352
8 48 5 2.91887 0.104443
9 48 5 3.37282 0.104482
10 48 5 3.8301 0.10451
11 48 5 4.27531 0.104535
12 48 5 4.71902 0.104559
13 48 5 5.16624 0.104584
14 48 5 5.60741 0.104607
15 48 5 6.06167 0.104629
16 48 5 6.50889 0.104649
17 48 5 6.95404 0.104667
18 48 5 7.40371 0.104684
19 48 5 7.85457 0.104698
20 48 5 8.3059 0.10471
21 48 5 8.74973 0.104721
22 48 5 9.18929 0.10473
23 48 5 9.63356 0.104738
24 48 5 10.0736 0.104744
25 48 5 10.5189 0.10475
26 48 5 10.9576 0.104754
27 48 5 11.2579 0.104759
28 48 5 11.7015 0.104764
29 48 5 12.1479 0.104766
0 48 6 0.351745 0.307626
1 48 6 0.628095 0.29102
2 48 6 0.901715 0.283182
3 48 6 1.1682 0.280988
4 48 6 1.43975 0.279194
5 48 6 1.70842 0.278379
6 48 6 1.98388 0.278623
7 48 6 2.25714 0.280457
8 48 6 2.52812 0.278448
9 48 6 2.79782 0.277321
10 48 6 3.06557 0.277033
11 48 6 3.33482 0.276566
12 48 6 3.60175 0.276091
13 48 6 3.86786 0.275808
14 48 6 4.14367 0.275673
15 48 6 4.40862 0.275548
16 48 6 4.67846 0.275453
17 48 6 4.94573 0.275362
18 48 6 5.21423 0.275355
19 48 6 5.48675 0.275351
20 48 6 5.7604 0.275348
21 48 6 6.02909 0.275346
22 48 6 6.2963 0.275344
23 48 6 6.56416 0.275342
24 48 6 6.82967 0.275341
25 48 6 7.09702 0.27534
26 48 6 7.36291 0.275339
27 48 6 7.63038 0.275339
28 48 6 7.8995 0.275338
29 48 6 8.16606 0.275338
0 64 0 0.36172 0.230049
1 64 0 0.638069 0.226763
2 64 0 0.913618 0.224795
3 64 0 1.18927 0.223042
4 64 0 1.46834 0.221466
5 64 0 1.74643 0.220038
6 64 0 2.02124 0.218733
7 64 0 2.29736 0.217531
8 64 0 2.57295 0.216414
9 64 0 2.85519 0.215366
10 64 0 3.13035 0.214374
11 64 0 3.40619 0.213425
12 64 0 3.68129 0.212507
13 64 0 3.95683 0.211607
14 64 0 4.23233 0.210714
15 64 0 4.50846 0.209816
16 64 0 4.78392 0.208899
17 64 0 5.06073 0.20795
18 64 0 5.33741 0.206954
19 64 0 5.61856 0.205896
20 64 0 5.89762 0.204761
21 64 0 6.17591 0.203533
22 64 0 6.45995 0.202195
23 64 0 6.73974 0.200735
24 64 0 7.01781 0.199141
25 64 0 7.29397 0.197405
26 64 0 7.57117 0.195528
27 64 0 7.84844 0.193514
28 64 0 8.12554 0.191376
29 64 0 8.40368 0.189137
0 64 1 0.362849 0.338127
1 64 1 0.653132 0.328635
2 64 1 0.94039 0.326557
3 64 1 1.23075 0.325902
4 64 1 1.51901 0.325429
5 64 1 1.81108 0.325355
6 64 1 2.1005 0.325384
7 64 1 2.38732 0.325391
8 64 1 2.67509 0.325419
9 64 1 2.96459 0.325496
10 64 1 3.25112 0.325575
11 64 1 3.53467 0.325524
12 64 1 3.81856 0.325444
13 64 1 4.10579 0.325366
14 64 1 4.39349 0.325293
15 64 1 4.67999 0.325259
16 64 1 4.96956 0.325228
17 64 1 5.25799 0.325216
18 64 1 5.54504 0.325198
19 64 1 5.8294 0.32522
20 64 1 6.11539 0.325239
21 64 1 6.39772 0.325238
22 64 1 6.68268 0.325222
23 64 1 6.96917 0.325202
24 64 1 7.25161 0.325163
25 64 1 7.53539 0.325142
26 64 1 7.81876 0.325149
27 64 1 8.10259 0.325156
28 64 1 8.38444 0.325157
29 64 1 8.66587 0.325134
0 64 2 0.366222 0.163054
1 64 2 0.651958 0.117276
2 64 2 0.931991 0.104315
3 64 2 1.22148 0.0993777
4 64 2 1.51057 0.0971975
5 64 2 1.79021 0.0960359
6 64 2 2.07039 0.0953016
7 64 2 2.34961 0.0947356
8 64 2 2.6295 0.0941829
9 64 2 2.90495 0.0935828
10 64 2 3.18946 0.0929597
11 64 2 3.46939 0.092356
12 64 2 3.74533 0.0918169
13 64 2 4.02266 0.0913286
14 64 2 4.30401 0.0908838
15 64 2 4.5823 0.0904955
16 64 2 4.85618 0.0901621
17 64 2 5.1395 0.0898847
18 64 2 5.4216 0.0896514
19 64 2 5.70226 0.0894647
20 64 2 5.9808 0.0893177
21 64 2 6.26621 0.0892064
22 64 2 6.55427 0.089122
23 64 2 6.83425 0.0890531
24 64 2 7.11613 0.0889955
25 64 2 7.39265 0.0889465
26 64 2 7.66954 0.0889022
27 64 2 7.94366 0.0888528
28 64 2 8.22643 0.0887965
29 64 2 8.50241 0.0887268
0 64 4 0.487706 0.157065
1 64 4 0.782627 0.0970223
2 64 4 1.11647 0.0885704
3 64 4 1.41341 0.0862402
4 64 4 1.71254 0.08524
5 64 4 2.0128 0.0847001
6 64 4 2.46584 0.0843713
7 64 4 2.92583 0.0841561
8 64 4 3.26671 0.0840045
9 64 4 3.67624 0.0838909
10 64 4 4.09537 0.0838024
11 64 4 4.38698 0.0837312
12 64 4 4.67928 0.0836727
13 64 4 4.96898 0.0836237
14 64 4 5.31671 0.0835819
15 64 4 5.60983 0.083546
16 64 4 6.06467 0.0835146
17 64 4 6.35501 0.0834866
18 64 4 6.71642 0.0834612
19 64 4 7.11822 0.0834382
20 64 4 7.40921 0.0834173
21 64 4 7.70523 0.0833984
22 64 4 8.00041 0.0833813
23 64 4 8.29797 0.0833656
24 64 4 8.58778 0.0833512
25 64 4 8.94501 0.083338
26 64 4 9.23633 0.0833259
27 64 4 9.60521 0.0833147
28 64 4 9.89338 0.0833044
29 64 4 10.2997 0.0832949
0 64 5 0.401987 0.175828
1 64 5 0.711903 0.112406
2 64 5 1.02413 0.105193
3 64 5 1.55974 0.102644
4 64 5 1.93084 0.101348
5 64 5 2.24232 0.100549
6 64 5 2.64809 0.100016
7 64 5 2.97101 0.0990941
8 64 5 3.44281 0.0991682
9 64 5 3.91756 0.0991923
10 64 5 4.46669 0.0992067
11 64 5 5.04033 0.0992203
12 64 5 5.66429 0.0992347
13 64 5 6.15056 0.0992501
14 64 5 6.62865 0.0992664
15 64 5 7.101 0.0992835
16 64 5 7.57634 0.0993015
17 64 5 8.07399 0.0993199
18 64 5 8.63958 0.0993398
19 64 5 9.10441 0.0993628
20 64 5 9.57478 0.0993869
21 64 5 10.0364 0.0994105
22 64 5 10.5129 0.0994324
23 64 5 11.0534 0.0994528
24 64 5 11.6471 0.0994725
25 64 5 12.3585 0.099492
26 64 5 12.9112 0.0995116
27 64 5 13.5312 0.0995311
28 64 5 14.1918 0.0995503
29 64 5 14.6728 0.099569
0 64 6 0.366408 0.305023
1 64 6 0.645203 0.287689
2 64 6 0.922356 0.281493
3 64 6 1.21637 0.279664
4 64 6 1.49544 0.279212
5 64 6 1.7728 0.278826
6 64 6 2.04825 0.280116
7 64 6 2.32663 0.277627
8 64 6 2.60288 0.276081
9 64 6 2.87729 0.27555
10 64 6 3.15127 0.275458
11 64 6 3.42389 0.27569
12 64 6 3.69977 0.275707
13 64 6 3.97617 0.275404
14 64 6 4.2508 0.274972
15 64 6 4.53041 0.274736
16 64 6 4.80468 0.274656
17 64 6 5.07896 0.27458
18 64 6 5.35647 0.274506
19 64 6 5.62784 0.274438
20 64 6 5.90074 0.274389
21 64 6 6.17197 0.27434
22 64 6 6.44803 0.2743
23 64 6 6.72824 0.274264
24 64 6 7.00326 0.274262
25 64 6 7.27782 0.274262
26 64 6 7.55451 0.274261
27 64 6 7.82591 0.274261
28 64 6 8.10027 0.274261
29 64 6 8.37162 0.274262
0 96 0 0.382544 0.218952
1 96 0 0.675303 0.216633
2 96 0 0.966541 0.215535
3 96 0 1.25812 0.214525
4 96 0 1.54724 0.21359
5 96 0 1.83633 0.212718
6 96 0 2.13527 0.211897
7 96 0 2.42675 0.211119
8 96 0 2.72451 0.210373
9 96 0 3.01477 0.209652
10 96 0 3.30236 0.208947
11 96 0 3.59057 0.208249
12 96 0 3.8758 0.207548
13 96 0 4.16622 0.206835
14 96 0 4.45239 0.206099
15 96 0 4.73616 0.205328
16 96 0 5.02036 0.204509
17 96 0 5.30628 0.203628
18 96 0 5.59125 0.202671
19 96 0 5.88114 0.20162
20 96 0 6.17222 0.200459
21 96 0 6.46043 0.199174
22 96 0 6.75277 0.197748
23 96 0 7.04122 0.196172
24 96 0 7.32907 0.194439
25 96 0 7.61533 0.192548
26 96 0 7.90708 0.190509
27 96 0 8.18969 0.188338
28 96 0 8.47243 0.186057
29 96 0 8.7615 0.183698
0 96 1 0.394222 0.338681
1 96 1 0.701898 0.329342
2 96 1 1.01452 0.325841
3 96 1 1.31759 0.325381
4 96 1 1.62001 0.325339
5 96 1 1.91784 0.325211
6 96 1 2.2248 0.324848
7 96 1 2.53081 0.324639
8 96 1 2.83352 0.324667
9 96 1 3.13335 0.324699
10 96 1 3.43517 0.3247
11 96 1 3.74047 0.324679
12 96 1 4.04655 0.324685
13 96 1 4.35006 0.324696
14 96 1 4.65719 0.324703
15 96 1 4.96376 0.324678
16 96 1 5.26945 0.324631
17 96 1 5.57104 0.324616
18 96 1 5.87852 0.324628
19 96 1 6.18087 0.324665
20 96 1 6.48406 0.324702
21 96 1 6.78768 0.324711
22 96 1 7.09306 0.324672
23 96 1 7.39379 0.324656
24 96 1 7.69188 0.32466
25 96 1 7.98609 0.324654
26 96 1 8.28954 0.324625
27 96 1 8.58838 0.324612
28 96 1 8.88851 0.324608
29 96 1 9.19129 0.324612
0 96 2 0.385909 0.156185
1 96 2 0.686563 0.107964
2 96 2 0.989046 0.0967233
3 96 2 1.28803 0.0924434
4 96 2 1.59125 0.0895783
5 96 2 1.88955 0.0875299
6 96 2 2.19251 0.086047
7 96 2 2.49021 0.0849072
8 96 2 2.78616 0.0840711
9 96 2 3.07879 0.0834663
10 96 2 3.37677 0.0830285
11 96 2 3.66925 0.0826456
12 96 2 3.96938 0.0822582
13 96 2 4.2647 0.0818676
14 96 2 4.55984 0.081493
15 96 2 4.85053 0.081167
16 96 2 5.1427 0.0808993
17 96 2 5.43386 0.0807054
18 96 2 5.72817 0.080569
19 96 2 6.01939 0.0804423
20 96 2 6.31192 0.0803163
21 96 2 6.61092 0.0801826
22 96 2 6.90796 0.0800451
23 96 2 7.1996 0.0799137
24 96 2 7.48945 0.0798
25 96 2 7.78037 0.0797166
26 96 2 8.07391 0.0796556
27 96 2 8.37274 0.0796132
28 96 2 8.66873 0.0795806
29 96 2 8.96918 0.0795513
0 96 4 0.402086 0.133332
1 96 4 0.712357 0.0838831
2 96 4 1.03068 0.0765552
3 96 4 1.34352 0.0744148
4 96 4 1.65716 0.0734789
5 96 4 1.97044 0.0729781
6 96 4 2.27882 0.0726726
7 96 4 2.58692 0.0724662
8 96 4 2.89856 0.0723151
9 96 4 3.21237 0.0721969
10 96 4 3.52621 0.0721006
11 96 4 3.83868 0.0720208
12 96 4 4.15008 0.071953
13 96 4 4.45511 0.0718945
14 96 4 4.76632 0.0718436
15 96 4 5.07777 0.0717994
16 96 4 5.38813 0.0717604
17 96 4 5.6952 0.0717257
18 96 4 6.00469 0.0716946
19 96 4 6.31713 0.0716666
20 96 4 6.63377 0.071641
21 96 4 6.95722 0.0716178
22 96 4 7.26458 0.0715966
23 96 4 7.5797 0.0715773
24 96 4 7.89811 0.0715597
25 96 4 8.20909 0.0715435
26 96 4 8.52834 0.0715285
27 96 4 8.84034 0.0715144
28 96 4 9.14952 0.0715011
29 96 4 9.46281 0.0714884
0 96 5 0.425081 0.168399
1 96 5 0.760925 0.106461
2 96 5 1.10136 0.100381
3 96 5 1.4462 0.0980559
4 96 5 1.78467 0.0966953
5 96 5 2.11904 0.0958677
6 96 5 2.45408 0.0953708
7 96 5 2.81008 0.0945752
8 96 5 3.32768 0.0946547
9 96 5 3.82875 0.094673
10 96 5 4.17356 0.0946764
11 96 5 4.67974 0.0946891
12 96 5 5.18058 0.0947034
13 96 5 5.68022 0.0947202
14 96 5 6.1764 0.094739
15 96 5 6.67377 0.0947592
16 96 5 7.17007 0.0947805
17 96 5 7.66769 0.0948022
18 96 5 8.15265 0.0948236
19 96 5 8.64766 0.0948441
20 96 5 9.13597 0.0948638
21 96 5 9.63637 0.0948834
22 96 5 10.1259 0.0947359
23 96 5 10.4795 0.0943849
24 96 5 10.974 0.0944777
25 96 5 11.4699 0.0945094
26 96 5 11.9635 0.0945265
27 96 5 12.4596 0.0945401
28 96 5 12.9554 0.0945531
29 96 5 13.4496 0.0945661
0 96 6 0.380807 0.299733
1 96 6 0.669403 0.284334
2 96 6 0.955188 0.279929
3 96 6 1.24477 0.278515
4 96 6 1.53281 0.277323
5 96 6 1.82245 0.276316
6 96 6 2.11452 0.276808
7 96 6 2.40257 0.278464
8 96 6 2.69493 0.275925
9 96 6 2.98536 0.274854
10 96 6 3.27502 0.274854
11 96 6 3.56156 0.274941
12 96 6 3.84386 0.274545
13 96 6 4.12686 0.274184
14 96 6 4.41319 0.273973
15 96 6 4.69729 0.27381
16 96 6 4.9885 0.273696
17 96 6 5.27538 0.273638
18 96 6 5.57332 0.273599
19 96 6 5.86042 0.273507
20 96 6 6.14602 0.273396
21 96 6 6.43262 0.273354
22 96 6 6.71761 0.273341
23 96 6 7.0056 0.273327
24 96 6 7.29507 0.273306
25 96 6 7.58073 0.273286
26 96 6 7.86568 0.273283
27 96 6 8.15047 0.273285
28 96 6 8.43503 0.273261
29 96 6 8.72316 0.273229
