alg-p allgather allreduce comm comp d err_communication err_compute gram krp mttkrp multittv nnls reducescatter total_time
0-1024 0.114934 0.376603 1.0848 2.01688 0.0 0.012755500000000001 0.012755500000000001 0.06567619999999999 0.0 1.86275 0.036495400000000004 0.0192044 0.587122 3.10168
0-128 0.155882 0.23642 0.8132739999999999 4.821359999999999 0.0 0.00813685 0.00813685 0.0547381 0.0 4.61909 0.109981 0.015179399999999997 0.41835100000000003 5.634633999999999
0-16 0.106579 0.215655 0.534868 28.2257 0.0 0.00607128 0.00607128 0.0514245 0.0 27.499000000000002 0.591332 0.055086699999999995 0.21133000000000002 28.760568
0-256 0.181801 0.286629 1.00088 3.26127 0.0 0.00919321 0.00919321 0.0574303 0.0 3.09533 0.06824569999999999 0.0150679 0.528158 4.26215
0-32 0.07457960000000001 0.299286 0.786027 14.5318 0.0 0.00787859 0.00787859 0.053621 0.0 14.0886 0.325176 0.0340964 0.40987700000000005 15.317827000000001
0-512 0.163106 0.34565999999999997 1.08495 2.41601 0.0 0.0106934 0.0106934 0.06298619999999999 0.0 2.24858 0.0582399 0.0175774 0.5709489999999999 3.50096
0-64 0.171006 0.22171100000000002 0.894108 7.95413 0.0 0.00748894 0.00748894 0.053027599999999994 0.0 7.67088 0.184859 0.0217586 0.49921499999999996 8.848238
1-1024 0.09710039999999999 0.359579 1.1727 3.03628 0.0 0.011489 0.011489 0.0628662 0.0 1.86654 0.036462699999999994 1.04321 0.710831 4.20898
1-128 0.15823900000000002 0.237287 0.906734 5.32964 0.0 0.007776100000000001 0.007776100000000001 0.05607 0.0 4.53299 0.111079 0.60716 0.5086350000000001 6.2363740000000005
1-16 0.150334 0.287074 0.75283 28.4429 0.0 0.00667347 0.00667347 0.055517 0.0 27.4674 0.592458 0.295365 0.314397 29.19573
1-256 0.178403 0.272744 0.9198280000000001 3.78871 0.0 0.00810723 0.00810723 0.056159400000000005 0.0 3.08652 0.0680548 0.556916 0.46589200000000003 4.708538
1-32 0.10037599999999999 0.30616 0.718385 14.9841 0.0 0.00727115 0.00727115 0.0544581 0.0 14.2242 0.323182 0.355209 0.31058800000000003 15.702485
1-512 0.170261 0.34348 0.951407 3.7779199999999995 0.0 0.012438600000000001 0.012438600000000001 0.0737905 0.0 2.2728599999999997 0.05852430000000001 1.33761 0.430414 4.729327
1-64 0.179596 0.23474299999999998 0.798004 8.59084 0.0 0.00735896 0.00735896 0.055361099999999996 0.0 7.8051699999999995 0.183805 0.5227470000000001 0.381511 9.388844
2-1024 0.111654 0.353932 1.18452 2.04586 0.0 0.010737100000000001 0.010737100000000001 0.0641726 0.0 1.8494599999999999 0.036933 0.0687832 0.713675 3.23038
2-128 0.182555 0.267755 0.916582 4.83242 0.0 0.00820259 0.00820259 0.05527130000000001 0.0 4.53768 0.11155 0.105304 0.463175 5.749002
2-16 0.14338199999999998 0.329873 0.743877 28.6241 0.0 0.00596306 0.00596306 0.0521029 0.0 27.5087 0.593237 0.43805200000000005 0.269543 29.367977
2-256 0.185525 0.291398 0.9030809999999999 3.32904 0.0 0.00835468 0.00835468 0.0594056 0.0 3.0918200000000002 0.0688248 0.0853796 0.42282299999999995 4.232121
2-32 0.114059 0.281552 0.819261 14.7269 0.0 0.00744972 0.00744972 0.0523193 0.0 14.0829 0.326173 0.23818899999999998 0.42189399999999994 15.546161000000001
2-512 0.175782 0.363227 1.1148200000000001 2.50762 0.0 0.012136599999999999 0.012136599999999999 0.0766643 0.0 2.25477 0.05881 0.0802619 0.568175 3.62244
2-64 0.171061 0.23983600000000002 0.9899040000000001 8.01708 0.0 0.00739193 0.00739193 0.05579209999999999 0.0 7.59722 0.18507200000000001 0.15171300000000001 0.576678 9.006984
4-1024 0.126094 0.38003400000000004 1.14026 3.5917800000000004 0.0 0.011872 0.011872 0.06783739999999999 0.0 1.8686200000000002 0.037037 1.58675 0.626269 4.7320400000000005
4-128 0.164118 0.25308800000000004 0.8712340000000001 5.6002 0.0 0.00831524 0.00831524 0.0548941 0.0 4.5606 0.11048399999999998 0.8513850000000001 0.451071 6.471434
4-16 0.142251 0.314921 0.720054 29.2164 0.0 0.00601852 0.00601852 0.051075999999999996 0.0 27.5244 0.592316 1.01627 0.26186 29.936454
4-256 0.152555 0.268583 0.823686 3.91618 0.0 0.00878165 0.00878165 0.05459830000000001 0.0 3.0853099999999998 0.0683312 0.6871649999999999 0.400005 4.739866
4-32 0.0873091 0.27362 0.716484 15.2857 0.0 0.00680505 0.00680505 0.0505227 0.0 14.152000000000001 0.32292 0.73507 0.354232 16.002184
4-512 0.184111 0.369141 1.18477 4.30209 0.0 0.011062899999999999 0.011062899999999999 0.0801217 0.0 2.28185 0.058904700000000004 1.84243 0.623509 5.48686
4-64 0.146135 0.20380399999999999 0.6942159999999999 8.89592 0.0 0.00770303 0.00770303 0.05350119999999999 0.0 7.8434800000000005 0.183928 0.791531 0.342102 9.590136000000001
5-1024 0.346467 0.686851 1.99501 19.6104 0.0 0.0119149 0.0119149 0.11770499999999999 0.0 2.95859 0.0483017 16.4281 0.9551649999999999 21.60541
5-128 0.396023 0.505035 1.52987 23.9254 0.0 0.00787543 0.00787543 0.0913707 0.0 6.68479 0.152694 16.9506 0.625663 25.45527
5-16 0.39074899999999996 0.5884020000000001 1.35629 116.444 0.0 0.00718871 0.00718871 0.09003489999999999 0.0 38.3394 0.824783 77.1138 0.376161 117.80029
5-256 0.46988 0.553439 1.7027599999999998 20.795 0.0 0.00986746 0.00986746 0.102354 0.0 4.6100699999999994 0.09076870000000001 15.9397 0.674606 22.497760000000003
5-32 0.553535 0.5849979999999999 1.7119900000000001 62.6108 0.0 0.00646723 0.00646723 0.0859409 0.0 19.8743 0.450822 42.1416 0.571671 64.32279
5-512 0.521143 0.6734640000000001 1.91005 23.9788 0.0 0.012190600000000001 0.012190600000000001 0.121718 0.0 3.54849 0.0794557 20.1588 0.7071770000000001 25.888849999999998
5-64 0.495366 0.425141 1.52285 37.7337 0.0 0.00827731 0.00827731 0.0914199 0.0 11.0483 0.253242 26.2847 0.5990800000000001 39.25655
6-1024 0.133439 0.40264 1.14409 2.0545400000000003 0.0 0.0177558 0.0177558 0.08480349999999999 0.0 1.8533400000000002 0.036595300000000004 0.032173400000000005 0.5958720000000001 3.1986300000000005
6-128 0.165812 0.24624200000000002 0.892905 4.73533 0.0 0.00782243 0.00782243 0.054684699999999996 0.0 4.5357 0.110207 0.0124194 0.477945 5.628235
6-16 0.108021 0.225746 0.5724819999999999 28.193 0.0 0.00602504 0.00602504 0.0525977 0.0 27.4986 0.591571 0.0205737 0.23761500000000002 28.765482000000002
6-256 0.15906099999999998 0.264245 0.8881709999999999 3.19099 0.0 0.00808953 0.00808953 0.054049099999999996 0.0 3.0392099999999997 0.06748610000000001 0.0102772 0.462578 4.079161
6-32 0.0900577 0.263716 0.61746 14.6619 0.0 0.00746531 0.00746531 0.050759500000000006 0.0 14.2471 0.323387 0.0146488 0.262391 15.279359999999999
6-512 0.167747 0.32559 0.9917889999999999 2.4525200000000003 0.0 0.010083700000000001 0.010083700000000001 0.06792680000000001 0.0 2.27906 0.058215499999999996 0.0189935 0.493989 3.444309
6-64 0.151907 0.24663600000000002 0.9068069999999999 7.9248899999999995 0.0 0.00841078 0.00841078 0.054067 0.0 7.647639999999999 0.18474000000000002 0.013768700000000002 0.505744 8.831697
