alg-p allgather allreduce comm comp d err_communication err_compute gram krp mttkrp multittv nnls reducescatter total_time
0-1024 0.178643 0.579735 1.7148700000000001 2.28937 0.0 0.0255103 0.0255103 0.212104 0.0 1.85893 0.0364142 0.07943589999999999 0.9076850000000001 4.00424
0-128 0.149627 0.21985300000000002 0.833608 4.7474099999999995 0.0 0.0067485 0.0067485 0.0527759 0.0 4.54689 0.11043599999999999 0.017375599999999998 0.46207600000000004 5.581017999999999
0-16 0.121341 0.318152 0.7634489999999999 28.230999999999998 0.0 0.00558402 0.00558402 0.0498287 0.0 27.4853 0.588589 0.07480830000000001 0.323177 28.994449
0-256 0.166318 0.266696 0.953728 3.19697 0.0 0.00684901 0.00684901 0.0548761 0.0 3.04032 0.06823810000000001 0.0140184 0.517666 4.150698
0-32 0.078657 0.257931 0.943306 14.3343 0.0 0.00610776 0.00610776 0.048503500000000005 0.0 13.8939 0.324077 0.042968599999999996 0.6053569999999999 15.277606
0-512 0.156327 0.30644099999999996 0.869492 2.44551 0.0 0.0074971000000000005 0.0074971000000000005 0.056614 0.0 2.29777 0.0584257 0.012494700000000001 0.403033 3.3150020000000002
0-64 0.14838099999999999 0.21767199999999998 0.667491 8.12765 0.0 0.00698854 0.00698854 0.050857 0.0 7.84368 0.18446099999999999 0.026507599999999996 0.299757 8.795141
1-1024 0.168987 0.527237 1.50603 6.31424 0.0 0.012976300000000001 0.012976300000000001 0.186528 0.0 1.8668099999999999 0.0364655 4.16735 0.795832 7.82027
1-128 0.147807 0.25708200000000003 0.780709 5.316269999999999 0.0 0.00737381 0.00737381 0.0540269 0.0 4.66832 0.11030899999999999 0.46307200000000004 0.373761 6.096978999999999
1-16 0.09701950000000001 0.212436 0.6199560000000001 28.3845 0.0 0.00568441 0.00568441 0.050096800000000004 0.0 27.4568 0.5882310000000001 0.260775 0.309706 29.004455999999998
1-256 0.175006 0.298774 1.0322799999999999 3.91034 0.0 0.00790855 0.00790855 0.055399000000000004 0.0 3.02358 0.0678567 0.741661 0.554582 4.94262
1-32 0.14593 0.26794 0.704601 14.9338 0.0 0.00589078 0.00589078 0.049904199999999996 0.0 14.2505 0.32389 0.284564 0.289544 15.638401
1-512 0.161498 0.329781 1.0540200000000002 3.46815 0.0 0.00792172 0.00792172 0.0614674 0.0 2.27925 0.05833769999999999 1.04631 0.558232 4.52217
1-64 0.149669 0.24257800000000002 0.9178569999999999 8.265369999999999 0.0 0.00709638 0.00709638 0.0527929 0.0 7.638660000000001 0.185324 0.366342 0.5240100000000001 9.183226999999999
2-1024 0.195491 0.583677 1.69215 2.3576599999999996 0.0 0.020630799999999998 0.020630799999999998 0.217567 0.0 1.83233 0.036567800000000004 0.168428 0.8252700000000001 4.04981
2-128 0.178233 0.22866 0.6891520000000001 4.96692 0.0 0.00697423 0.00697423 0.05275 0.0 4.6668 0.11037000000000001 0.11706099999999998 0.279964 5.656072
2-16 0.153775 0.316831 0.812732 28.6082 0.0 0.00563409 0.00563409 0.0481129 0.0 27.4839 0.589796 0.453787 0.341296 29.420932
2-256 0.18474300000000002 0.29931599999999997 0.936599 3.3323199999999997 0.0 0.00697365 0.00697365 0.054900599999999994 0.0 3.0975900000000003 0.0689643 0.0912228 0.449542 4.2689189999999995
2-32 0.0975764 0.316931 1.1547399999999999 15.1204 0.0 0.00594855 0.00594855 0.0628451 0.0 14.4416 0.32775 0.262362 0.738835 16.27514
2-512 0.169406 0.33011599999999997 0.9015129999999999 2.5081900000000004 0.0 0.00757905 0.00757905 0.057877 0.0 2.28819 0.0595601 0.0810944 0.397791 3.4097030000000004
2-64 0.184645 0.266009 0.98488 8.0646 0.0 0.00627381 0.00627381 0.050853699999999995 0.0 7.63817 0.18578 0.16830499999999998 0.532523 9.04948
4-1024 0.185591 0.48063500000000003 1.47161 6.82182 0.0 0.00971372 0.00971372 0.168173 0.0 1.87125 0.0371734 4.69679 0.797268 8.29343
4-128 0.135078 0.224677 0.775716 5.3933599999999995 0.0 0.00638909 0.00638909 0.0500901 0.0 4.5589699999999995 0.11139600000000001 0.653404 0.41383500000000006 6.169076
4-16 0.114852 0.226708 0.640955 29.0297 0.0 0.00572415 0.00572415 0.0482038 0.0 27.4659 0.5886819999999999 0.897366 0.298582 29.670655
4-256 0.158228 0.276919 0.880224 4.11146 0.0 0.00727272 0.00727272 0.0553453 0.0 3.0463400000000003 0.0690152 0.919989 0.441461 4.991684
4-32 0.09777430000000001 0.28625500000000004 0.6435529999999999 15.3028 0.0 0.00573284 0.00573284 0.0470226 0.0 14.2695 0.324706 0.636732 0.25832 15.946353
4-512 0.163352 0.33377199999999996 1.0326899999999999 3.6902699999999995 0.0 0.00807835 0.00807835 0.0624932 0.0 2.2776 0.0591337 1.26767 0.53008 4.72296
4-64 0.12984 0.192711 0.815951 8.51476 0.0 0.00717649 0.00717649 0.049854 0.0 7.652489999999999 0.185185 0.604683 0.491825 9.330711
5-1024 0.376986 0.7359979999999999 1.95587 9.519160000000001 0.0 0.0125168 0.0125168 0.223325 0.0 2.4539400000000002 0.0433237 6.703239999999999 0.8277469999999999 11.47503
5-128 0.335472 0.423522 1.28799 7.15993 0.0 0.00695813 0.00695813 0.0767422 0.0 5.80356 0.134725 1.10922 0.526941 8.44792
5-16 0.331525 0.41629799999999995 1.1010799999999998 40.4444 0.0 0.00583931 0.00583931 0.0811655 0.0 36.5423 0.781853 2.97336 0.35246700000000003 41.545480000000005
5-256 0.381787 0.5028779999999999 1.4653200000000002 5.43095 0.0 0.00675236 0.00675236 0.085488 0.0 3.87584 0.08061950000000001 1.35476 0.577574 6.89627
5-32 0.458686 0.478979 1.21697 20.0586 0.0 0.00662669 0.00662669 0.0732315 0.0 17.6645 0.39621799999999996 1.87345 0.27775700000000003 21.27557
5-512 0.43134399999999995 0.5348310000000001 1.50325 4.74814 0.0 0.007956999999999999 0.007956999999999999 0.09057430000000001 0.0 3.05188 0.0716913 1.49702 0.532885 6.251390000000001
5-64 0.452475 0.369596 1.19097 11.9291 0.0 0.00725491 0.00725491 0.0770174 0.0 10.2436 0.232369 1.3331899999999999 0.367198 13.12007
6-1024 0.15771 0.455513 1.4682600000000001 2.28422 0.0 0.00945093 0.00945093 0.178392 0.0 1.86201 0.0368789 0.160655 0.8461629999999999 3.7524800000000003
6-128 0.143438 0.22970300000000002 0.746402 4.86031 0.0 0.0068324 0.0068324 0.052868 0.0 4.66626 0.110154 0.0109614 0.371183 5.606712
6-16 0.133377 0.324367 0.787465 28.1607 0.0 0.00629925 0.00629925 0.050486300000000005 0.0 27.4675 0.58867 0.0204553 0.3289 28.948165
6-256 0.172783 0.270509 0.854159 3.2534099999999997 0.0 0.00718802 0.00718802 0.0516351 0.0 3.10364 0.068344 0.010440000000000001 0.40856 4.107569
6-32 0.0757002 0.238062 0.53919 14.6517 0.0 0.00607762 0.00607762 0.0476435 0.0 14.2452 0.320405 0.0140486 0.22418000000000002 15.19089
6-512 0.158102 0.312519 0.9269700000000001 2.45494 0.0 0.00792008 0.00792008 0.056389499999999995 0.0 2.30816 0.058998300000000004 0.0109193 0.453075 3.3819100000000004
6-64 0.162859 0.211049 0.765219 8.0498 0.0 0.00627665 0.00627665 0.0513976 0.0 7.78023 0.184753 0.0119099 0.389758 8.815019
