runs	algo	iter	totaltime	err	relerr
1	MU	1	11.61	48206.9	0.978794
1	MU	2	23.33	47902.3	0.972609
1	MU	3	35.24	47641.1	0.967305
1	MU	4	46.99	47108.6	0.956493
1	MU	5	58.59	46354.9	0.94119
1	MU	6	70.19	45606.3	0.925992
1	MU	7	81.79	45017.8	0.914042
1	MU	8	93.39	44561.2	0.904771
1	MU	9	104.99	44208.6	0.897612
1	MU	10	116.59	43900.5	0.891356
1	MU	11	128.2	43572.9	0.884704
1	MU	12	139.81	43278.7	0.878732
1	MU	13	151.43	43020.4	0.873486
1	MU	14	163.05	42797.4	0.868959
1	MU	15	174.7	42615.8	0.865272
1	MU	16	186.35	42473.2	0.862377
1	MU	17	198.03	42355.1	0.859978
1	MU	18	209.73	42252.2	0.857888
1	MU	19	221.48	42160.5	0.856027
1	MU	20	233.27	42077.4	0.854341
1	MU	21	245.1	42003.8	0.852846
1	MU	22	256.99	41940.4	0.851558
1	MU	23	268.92	41887.3	0.85048
1	MU	24	280.93	41841.6	0.849553
1	MU	25	293	41799.8	0.848703
1	MU	26	305.19	41762.7	0.84795
1	MU	27	317.39	41733.3	0.847354
1	MU	28	329.64	41709.9	0.846879
1	MU	29	341.95	41689.4	0.846462
#1	HALS	1	12.36	2.55E+06	51.8087
1	HALS	2	24.77	47423.4	0.962885
1	HALS	3	37.07	47102.1	0.956362
1	HALS	4	49.34	46323.6	0.940555
1	HALS	5	61.61	44699.2	0.907573
1	HALS	6	73.86	43665.1	0.886576
1	HALS	7	86.07	42908.7	0.871218
1	HALS	8	98.3	42445.6	0.861817
1	HALS	9	110.53	42171.5	0.856251
1	HALS	10	122.74	42002.7	0.852823
1	HALS	11	134.93	41869.9	0.850127
1	HALS	12	147.1	41724.2	0.847168
1	HALS	13	159.3	41586.6	0.844374
1	HALS	14	171.48	41503	0.842676
1	HALS	15	183.66	41455.5	0.841714
1	HALS	16	195.85	41424.4	0.841082
1	HALS	17	208.03	41405	0.840688
1	HALS	18	220.22	41392.5	0.840434
1	HALS	19	232.44	41383.6	0.840253
1	HALS	20	244.62	41376.4	0.840107
1	HALS	21	256.82	41370.2	0.83998
1	HALS	22	269	41364.2	0.839859
1	HALS	23	281.19	41358.3	0.839739
1	HALS	24	293.37	41352.3	0.839618
1	HALS	25	305.56	41346.4	0.839497
1	HALS	26	317.76	41340.3	0.839374
1	HALS	27	329.96	41333.9	0.839245
1	HALS	28	342.14	41327.2	0.839107
1	HALS	29	354.33	41320	0.838961
1	BPP	1	16.51	45972.6	0.933427
1	BPP	2	32.34	44267.4	0.898806
1	BPP	3	48.19	43577.1	0.884789
1	BPP	4	64.05	42951.3	0.872084
1	BPP	5	79.89	42313.1	0.859126
1	BPP	6	95.78	41879.6	0.850324
1	BPP	7	111.79	41694.7	0.84657
1	BPP	8	128.65	41626.9	0.845193
1	BPP	9	144.54	41593.5	0.844514
1	BPP	10	160.38	41571.1	0.844059
1	BPP	11	176.2	41552.6	0.843684
1	BPP	12	192.03	41531.1	0.843248
1	BPP	13	207.86	41497.3	0.842562
1	BPP	14	223.7	41457.2	0.841747
1	BPP	15	239.54	41428	0.841155
1	BPP	16	255.45	41407.4	0.840736
1	BPP	17	271.36	41389.4	0.840371
1	BPP	18	287.2	41371.7	0.840011
1	BPP	19	303.04	41356.1	0.839696
1	BPP	20	318.88	41345.5	0.839479
1	BPP	21	334.72	41339	0.839348
1	BPP	22	350.55	41335	0.839267
1	BPP	23	366.39	41331.8	0.839202
1	BPP	24	382.23	41328.4	0.839132
1	BPP	25	398.07	41323.3	0.839029
1	BPP	26	413.9	41312.9	0.838818
1	BPP	27	429.74	41290.5	0.838364
1	BPP	28	445.56	41264.8	0.837841
1	BPP	29	461.42	41253	0.837602
2	MU	1	11.57	48206.3	0.978782
2	MU	2	23.14	47894.8	0.972457
2	MU	3	34.7	47637.1	0.967224
2	MU	4	46.26	47156.4	0.957465
2	MU	5	57.84	46460.9	0.943342
2	MU	6	69.41	45753.2	0.928973
2	MU	7	80.97	45105.6	0.915824
2	MU	8	92.61	44588.6	0.905328
2	MU	9	104.21	44161.9	0.896663
2	MU	10	115.8	43767.2	0.888649
2	MU	11	127.38	43424.7	0.881696
2	MU	12	138.98	43139.5	0.875905
2	MU	13	150.58	42894.1	0.870923
2	MU	14	162.19	42675.8	0.86649
2	MU	15	173.83	42507.7	0.863077
2	MU	16	185.47	42388.8	0.860663
2	MU	17	197.14	42299.8	0.858856
2	MU	18	208.83	42225.7	0.857351
2	MU	19	220.59	42157.1	0.855957
2	MU	20	232.38	42089.2	0.854579
2	MU	21	244.21	42021.5	0.853206
2	MU	22	256.1	41955.9	0.851873
2	MU	23	268.04	41894.7	0.85063
2	MU	24	280.05	41841.3	0.849546
2	MU	25	292.15	41797.7	0.848662
2	MU	26	304.31	41763.2	0.84796
2	MU	27	316.55	41735.4	0.847396
2	MU	28	328.87	41712.4	0.846929
2	MU	29	341.26	41692.8	0.84653
#2	HALS	1	12.4	3.06E+06	62.2278
2	HALS	2	24.58	47739.6	0.969306
2	HALS	3	36.75	47298.8	0.960355
2	HALS	4	49.05	46632.8	0.946834
2	HALS	5	61.37	44856.3	0.910763
2	HALS	6	73.66	43627.1	0.885805
2	HALS	7	85.95	42845.3	0.869931
2	HALS	8	98.21	42396.7	0.860822
2	HALS	9	110.45	42174.2	0.856305
2	HALS	10	122.71	42006.9	0.852909
2	HALS	11	134.96	41849.4	0.849711
2	HALS	12	147.22	41707.4	0.846827
2	HALS	13	159.48	41603.6	0.84472
2	HALS	14	171.73	41518.5	0.842991
2	HALS	15	183.97	41464.7	0.8419
2	HALS	16	196.3	41436.6	0.841329
2	HALS	17	208.59	41414.5	0.84088
2	HALS	18	220.82	41393.7	0.840458
2	HALS	19	233.07	41374.6	0.84007
2	HALS	20	245.32	41359.6	0.839765
2	HALS	21	257.55	41348.9	0.839548
2	HALS	22	269.81	41339.6	0.83936
2	HALS	23	282.05	41327.5	0.839114
2	HALS	24	294.29	41309.5	0.838749
2	HALS	25	306.53	41290.3	0.838359
2	HALS	26	318.79	41278.4	0.838117
2	HALS	27	331.03	41272.9	0.838006
2	HALS	28	343.26	41270.3	0.837953
2	HALS	29	355.51	41268.8	0.837921
2	BPP	1	15.78	45805.1	0.930027
2	BPP	2	31.57	44052.5	0.894442
2	BPP	3	47.35	43116.5	0.875438
2	BPP	4	63.13	42463.7	0.862184
2	BPP	5	78.9	42004.5	0.85286
2	BPP	6	94.7	41774.1	0.848182
2	BPP	7	110.46	41652.3	0.845708
2	BPP	8	126.28	41588.4	0.844412
2	BPP	9	142.3	41551	0.843652
2	BPP	10	158.14	41524.8	0.843119
2	BPP	11	173.91	41501.7	0.842651
2	BPP	12	189.68	41471.2	0.842031
2	BPP	13	205.45	41432.8	0.841253
2	BPP	14	221.22	41403.2	0.84065
2	BPP	15	236.98	41378.8	0.840156
2	BPP	16	252.75	41355	0.839672
2	BPP	17	268.53	41331	0.839185
2	BPP	18	284.28	41307.8	0.838714
2	BPP	19	300.08	41291	0.838372
2	BPP	20	315.86	41282.7	0.838204
2	BPP	21	331.64	41279.3	0.838134
2	BPP	22	347.42	41277.7	0.838103
2	BPP	23	363.21	41276.9	0.838087
2	BPP	24	378.99	41276.4	0.838076
2	BPP	25	394.79	41275.9	0.838067
2	BPP	26	410.55	41275.5	0.838059
2	BPP	27	426.3	41275.1	0.83805
2	BPP	28	442.07	41274.6	0.838039
2	BPP	29	457.88	41273.9	0.838027
3	MU	1	11.65	48209.6	0.978848
3	MU	2	23.27	47897.4	0.972509
3	MU	3	34.97	47628	0.96704
3	MU	4	46.59	47105.3	0.956426
3	MU	5	58.21	46378.1	0.941662
3	MU	6	69.84	45683.8	0.927564
3	MU	7	81.48	45016	0.914004
3	MU	8	93.14	44448.4	0.90248
3	MU	9	104.77	44004.7	0.893472
3	MU	10	116.4	43660.1	0.886476
3	MU	11	128.04	43372.1	0.880628
3	MU	12	139.69	43124.1	0.875592
3	MU	13	151.35	42926.9	0.871588
3	MU	14	163.02	42772.3	0.86845
3	MU	15	174.69	42641.5	0.865793
3	MU	16	186.39	42525.9	0.863447
3	MU	17	198.11	42430.5	0.861509
3	MU	18	209.85	42354.9	0.859975
3	MU	19	221.65	42291.1	0.858679
3	MU	20	233.46	42232.6	0.85749
3	MU	21	245.34	42176.9	0.856359
3	MU	22	257.26	42124	0.855287
3	MU	23	269.25	42075.4	0.854299
3	MU	24	281.31	42032.9	0.853436
3	MU	25	293.46	41997.4	0.852716
3	MU	26	305.68	41968.4	0.852128
3	MU	27	317.97	41944.3	0.851638
3	MU	28	330.35	41923.7	0.85122
3	MU	29	342.82	41905.6	0.850852
#3	HALS	1	12.35	3.21E+06	65.1244
3	HALS	2	24.5	47697.8	0.968456
3	HALS	3	36.63	47341.2	0.961216
3	HALS	4	48.88	46703.3	0.948264
3	HALS	5	61.14	44929.6	0.912251
3	HALS	6	73.38	43909.9	0.891546
3	HALS	7	85.63	43231.4	0.877771
3	HALS	8	98.47	42770.3	0.868409
3	HALS	9	110.82	42407.3	0.861039
3	HALS	10	123.03	42135.3	0.855516
3	HALS	11	135.24	41909.9	0.850938
3	HALS	12	147.43	41786.2	0.848427
3	HALS	13	159.64	41687.5	0.846423
3	HALS	14	171.83	41593.5	0.844514
3	HALS	15	184.07	41524.2	0.843108
3	HALS	16	196.26	41484.4	0.8423
3	HALS	17	208.43	41458.5	0.841773
3	HALS	18	220.62	41436	0.841316
3	HALS	19	232.83	41414.4	0.840879
3	HALS	20	245.03	41394.4	0.840472
3	HALS	21	257.22	41379.3	0.840165
3	HALS	22	269.41	41369.7	0.83997
3	HALS	23	281.6	41363.8	0.83985
3	HALS	24	293.81	41359.8	0.839771
3	HALS	25	305.98	41356.9	0.839711
3	HALS	26	318.17	41354.5	0.839663
3	HALS	27	330.36	41352.4	0.83962
3	HALS	28	342.57	41350.5	0.839581
3	HALS	29	354.75	41348.6	0.839543
3	BPP	1	15.79	44759.5	0.908798
3	BPP	2	31.58	43676.6	0.88681
3	BPP	3	47.39	43173.5	0.876596
3	BPP	4	63.18	42731.8	0.867627
3	BPP	5	78.96	42265.4	0.858158
3	BPP	6	94.77	41902.4	0.850787
3	BPP	7	110.57	41696.8	0.846612
3	BPP	8	126.55	41556.5	0.843764
3	BPP	9	142.81	41467.9	0.841965
3	BPP	10	158.66	41405.9	0.840706
3	BPP	11	174.47	41363.6	0.839846
3	BPP	12	190.41	41339.6	0.83936
3	BPP	13	206.2	41326	0.839083
3	BPP	14	221.99	41317.4	0.838909
3	BPP	15	237.77	41311	0.838779
3	BPP	16	253.55	41305.6	0.83867
3	BPP	17	269.7	41300.6	0.838568
3	BPP	18	285.49	41295.9	0.838473
3	BPP	19	301.29	41291.6	0.838386
3	BPP	20	317.06	41287.9	0.83831
3	BPP	21	332.93	41285	0.83825
3	BPP	22	348.7	41282.5	0.838201
3	BPP	23	364.5	41280.3	0.838156
3	BPP	24	380.29	41278.2	0.838113
3	BPP	25	396.1	41276	0.838068
3	BPP	26	411.9	41273.5	0.838019
3	BPP	27	427.69	41270.3	0.837952
3	BPP	28	443.49	41265.1	0.837846
3	BPP	29	459.27	41257.1	0.837684
4	MU	1	11.75	48208	0.978815
4	MU	2	23.35	47889.6	0.972351
4	MU	3	34.9	47616.9	0.966815
4	MU	4	46.48	47036.5	0.95503
4	MU	5	58.04	46271.9	0.939505
4	MU	6	69.6	45587.2	0.925603
4	MU	7	81.16	44943.4	0.912532
4	MU	8	92.73	44419.8	0.9019
4	MU	9	104.29	43951	0.892381
4	MU	10	115.86	43540.4	0.884045
4	MU	11	127.44	43208.4	0.877304
4	MU	12	139.02	42955.2	0.872162
4	MU	13	150.61	42758.5	0.868169
4	MU	14	162.21	42605.3	0.865059
4	MU	15	173.84	42487.7	0.862671
4	MU	16	185.46	42396.9	0.860827
4	MU	17	197.13	42324	0.859348
4	MU	18	208.82	42260.9	0.858066
4	MU	19	220.53	42200.9	0.856847
4	MU	20	232.28	42144.3	0.855699
4	MU	21	244.07	42091.5	0.854626
4	MU	22	255.92	42039.9	0.853578
4	MU	23	267.86	41988	0.852525
4	MU	24	279.84	41935.9	0.851466
4	MU	25	291.9	41886.2	0.850458
4	MU	26	304.06	41842.2	0.849565
4	MU	27	316.26	41805.3	0.848815
4	MU	28	328.53	41774.3	0.848186
4	MU	29	340.88	41747.4	0.847639
#4	HALS	1	12.36	3.67E+06	74.4527
4	HALS	2	24.55	47742.4	0.969362
4	HALS	3	36.7	47372.7	0.961856
4	HALS	4	49	46493.1	0.943997
4	HALS	5	61.31	44549.6	0.904536
4	HALS	6	73.59	43407.2	0.88134
4	HALS	7	85.83	42795.9	0.868927
4	HALS	8	98.07	42404.5	0.860981
4	HALS	9	110.3	42068.1	0.854152
4	HALS	10	122.53	41771.4	0.848127
4	HALS	11	134.74	41591.6	0.844475
4	HALS	12	146.96	41530.8	0.843241
4	HALS	13	159.43	41507.7	0.842772
4	HALS	14	172.15	41493.3	0.84248
4	HALS	15	184.39	41480.7	0.842225
4	HALS	16	196.61	41468.4	0.841975
4	HALS	17	208.84	41456	0.841722
4	HALS	18	221.06	41443.2	0.841462
4	HALS	19	233.27	41429.2	0.84118
4	HALS	20	245.47	41412.2	0.840833
4	HALS	21	257.68	41390.9	0.840402
4	HALS	22	269.9	41370	0.839977
4	HALS	23	282.11	41354.2	0.839657
4	HALS	24	294.33	41343.3	0.839434
4	HALS	25	306.54	41335.1	0.839269
4	HALS	26	318.75	41328.6	0.839135
4	HALS	27	330.96	41323	0.839022
4	HALS	28	343.19	41317.7	0.838916
4	HALS	29	355.41	41312.1	0.838802
4	BPP	1	15.81	45308.1	0.919936
4	BPP	2	31.63	43714	0.88757
4	BPP	3	47.45	42990.6	0.872882
4	BPP	4	63.25	42345.8	0.85979
4	BPP	5	79.05	41861.2	0.84995
4	BPP	6	94.89	41577.5	0.84419
4	BPP	7	110.71	41459.7	0.841798
4	BPP	8	126.52	41417.9	0.84095
4	BPP	9	142.35	41394.7	0.840479
4	BPP	10	158.17	41372.6	0.840029
4	BPP	11	173.97	41343.3	0.839435
4	BPP	12	189.79	41306.9	0.838696
4	BPP	13	205.67	41278.2	0.838114
4	BPP	14	221.48	41264.1	0.837826
4	BPP	15	237.38	41255.5	0.837651
4	BPP	16	253.19	41248.6	0.837512
4	BPP	17	269.02	41242.8	0.837394
4	BPP	18	284.85	41238	0.837297
4	BPP	19	300.66	41234.2	0.837219
4	BPP	20	316.49	41231	0.837155
4	BPP	21	332.31	41228.4	0.837101
4	BPP	22	348.13	41226	0.837054
4	BPP	23	363.94	41224	0.837012
4	BPP	24	379.75	41222.2	0.836977
4	BPP	25	395.55	41220.7	0.836946
4	BPP	26	411.37	41219.4	0.836919
4	BPP	27	427.19	41218.1	0.836893
4	BPP	28	443.01	41216.9	0.836869
4	BPP	29	458.81	41215.8	0.836845
5	MU	1	11.58	48207.2	0.9788
5	MU	2	23.14	47904.3	0.972649
5	MU	3	34.72	47655.1	0.96759
5	MU	4	46.29	47164	0.957618
5	MU	5	57.96	46381.6	0.941733
5	MU	6	69.52	45661.6	0.927114
5	MU	7	81.09	45105	0.915812
5	MU	8	92.67	44626.5	0.906097
5	MU	9	104.24	44193.7	0.89731
5	MU	10	115.82	43783.5	0.888981
5	MU	11	127.39	43419.8	0.881595
5	MU	12	138.97	43113.3	0.875373
5	MU	13	150.58	42860.1	0.870233
5	MU	14	162.18	42643.9	0.865841
5	MU	15	173.82	42459.2	0.862093
5	MU	16	185.46	42309.9	0.859061
5	MU	17	197.12	42197.5	0.856779
5	MU	18	208.84	42114.3	0.85509
5	MU	19	220.6	42049.5	0.853774
5	MU	20	232.4	41995.9	0.852685
5	MU	21	244.24	41949.7	0.851747
5	MU	22	256.16	41909.6	0.850933
5	MU	23	268.14	41875.3	0.850237
5	MU	24	280.18	41846	0.849642
5	MU	25	292.41	41820.7	0.849128
5	MU	26	304.64	41798.4	0.848675
5	MU	27	316.92	41778.3	0.848267
5	MU	28	329.28	41760.2	0.847899
5	MU	29	341.73	41743.4	0.847559
#5	HALS	1	12.34	2.33E+06	47.2734
5	HALS	2	24.52	47774	0.970003
5	HALS	3	36.65	47379	0.961983
5	HALS	4	48.9	46669.1	0.947569
5	HALS	5	61.17	44711.3	0.90782
5	HALS	6	73.42	43679.5	0.886869
5	HALS	7	85.66	42862	0.870271
5	HALS	8	97.88	42375.5	0.860393
5	HALS	9	110.08	42064.6	0.85408
5	HALS	10	122.26	41815.7	0.849027
5	HALS	11	134.44	41657	0.845804
5	HALS	12	146.63	41524.5	0.843113
5	HALS	13	158.82	41450.3	0.841607
5	HALS	14	171.01	41408	0.840748
5	HALS	15	183.39	41378.7	0.840153
5	HALS	16	196.19	41357.9	0.839732
5	HALS	17	208.39	41341.7	0.839402
5	HALS	18	220.58	41325.6	0.839076
5	HALS	19	232.78	41304.6	0.838649
5	HALS	20	244.96	41275.1	0.83805
5	HALS	21	257.16	41247	0.837479
5	HALS	22	269.36	41231.8	0.83717
5	HALS	23	281.56	41223.4	0.837
5	HALS	24	293.73	41217.5	0.836879
5	HALS	25	305.91	41212.7	0.836783
5	HALS	26	318.11	41208.8	0.836703
5	HALS	27	330.31	41205.3	0.836632
5	HALS	28	342.5	41201.9	0.836563
5	HALS	29	354.68	41198.3	0.836491
5	BPP	1	15.81	45982.5	0.933629
5	BPP	2	31.61	43819.6	0.889713
5	BPP	3	47.44	42886.3	0.870763
5	BPP	4	63.3	42404.5	0.860982
5	BPP	5	79.09	42095.3	0.854703
5	BPP	6	94.87	41779.4	0.848289
5	BPP	7	110.72	41580.9	0.84426
5	BPP	8	126.58	41476.9	0.842147
5	BPP	9	142.38	41432	0.841236
5	BPP	10	158.21	41414.3	0.840876
5	BPP	11	174.01	41404.6	0.840679
5	BPP	12	189.79	41397.4	0.840533
5	BPP	13	205.61	41391.1	0.840406
5	BPP	14	221.42	41384.8	0.840277
5	BPP	15	237.23	41377.6	0.840131
5	BPP	16	253.03	41369	0.839957
5	BPP	17	268.85	41358.8	0.83975
5	BPP	18	284.65	41346.7	0.839504
5	BPP	19	300.47	41332.2	0.83921
5	BPP	20	316.26	41316.5	0.838891
5	BPP	21	332.06	41302.6	0.838608
5	BPP	22	347.86	41291.7	0.838388
5	BPP	23	363.67	41283.4	0.838219
5	BPP	24	379.48	41276.6	0.83808
5	BPP	25	395.29	41270.4	0.837955
5	BPP	26	411.09	41264.8	0.837841
5	BPP	27	426.94	41260.1	0.837746
5	BPP	28	442.78	41256.5	0.837673
5	BPP	29	458.6	41253.8	0.837617
