runs	algo	iter	totaltime	err	relerr
1	MU	1	2.55	964.703	1
1	MU	2	3.59	964.602	0.999895
1	MU	3	4.73	964.462	0.99975
1	MU	4	6.02	964.316	0.999599
1	MU	5	7.51	964.204	0.999482
1	MU	6	9.13	964.15	0.999427
1	MU	7	10.65	964.113	0.999389
1	MU	8	12.03	964.085	0.999359
1	MU	9	13.29	964.067	0.99934
1	MU	10	14.45	964.054	0.999327
1	MU	11	15.58	964.038	0.99931
1	MU	12	16.7	964.021	0.999293
1	MU	13	17.81	964.008	0.99928
1	MU	14	18.91	964	0.999272
1	MU	15	19.99	963.996	0.999267
1	MU	16	21.07	963.994	0.999265
1	MU	17	22.15	963.993	0.999264
1	MU	18	23.23	963.992	0.999263
1	MU	19	24.3	963.991	0.999262
1	MU	20	25.47	963.99	0.999261
1	MU	21	26.6	963.989	0.99926
1	MU	22	27.66	963.987	0.999258
1	MU	23	28.72	963.986	0.999256
1	MU	24	29.77	963.984	0.999254
1	MU	25	30.83	963.982	0.999253
1	MU	26	31.88	963.981	0.999252
1	MU	27	32.94	963.98	0.999251
1	MU	28	33.99	963.98	0.99925
1	MU	29	35.04	963.98	0.99925
1	HALS	1	2.32	964.703	1
1	HALS	2	3.46	964.648	0.999943
1	HALS	3	4.6	964.425	0.999712
1	HALS	4	5.75	964.104	0.999379
1	HALS	5	6.9	964.011	0.999282
1	HALS	6	8.04	963.974	0.999244
1	HALS	7	9.19	963.957	0.999227
1	HALS	8	10.34	963.95	0.99922
1	HALS	9	11.49	963.948	0.999217
1	HALS	10	12.64	963.946	0.999216
1	HALS	11	13.78	963.946	0.999215
1	HALS	12	14.93	963.945	0.999215
1	HALS	13	16.07	963.945	0.999214
1	HALS	14	17.22	963.945	0.999214
1	HALS	15	18.36	963.944	0.999214
1	HALS	16	19.5	963.944	0.999213
1	HALS	17	20.64	963.943	0.999212
1	HALS	18	21.79	963.943	0.999212
1	HALS	19	22.93	963.942	0.999211
1	HALS	20	24.08	963.942	0.999211
1	HALS	21	25.21	963.942	0.999211
1	HALS	22	26.36	963.942	0.999211
1	HALS	23	27.5	963.941	0.999211
1	HALS	24	28.65	963.941	0.99921
1	HALS	25	29.79	963.941	0.99921
1	HALS	26	30.94	963.941	0.99921
1	HALS	27	32.08	963.941	0.99921
1	HALS	28	33.23	963.941	0.99921
1	HALS	29	34.37	963.941	0.99921
1	BPP	1	3.35	964.565	0.999857
1	BPP	2	4.99	964.131	0.999407
1	BPP	3	6.71	964.051	0.999324
1	BPP	4	8.34	963.952	0.999221
1	BPP	5	9.98	963.944	0.999213
1	BPP	6	11.62	963.941	0.99921
1	BPP	7	13.27	963.94	0.999209
1	BPP	8	14.93	963.938	0.999207
1	BPP	9	16.57	963.936	0.999205
1	BPP	10	18.22	963.934	0.999203
1	BPP	11	19.86	963.932	0.999201
1	BPP	12	21.51	963.931	0.9992
1	BPP	13	23.14	963.93	0.999199
1	BPP	14	24.79	963.93	0.999199
1	BPP	15	26.43	963.929	0.999198
1	BPP	16	28.07	963.929	0.999197
1	BPP	17	29.71	963.928	0.999197
1	BPP	18	31.35	963.927	0.999196
1	BPP	19	33	963.926	0.999195
1	BPP	20	34.64	963.925	0.999194
1	BPP	21	36.29	963.924	0.999193
1	BPP	22	38.01	963.924	0.999192
1	BPP	23	39.65	963.923	0.999192
1	BPP	24	41.29	963.923	0.999191
1	BPP	25	42.94	963.923	0.999191
1	BPP	26	44.6	963.923	0.999191
1	BPP	27	46.25	963.923	0.999191
1	BPP	28	47.94	963.922	0.999191
1	BPP	29	49.59	963.922	0.999191
2	MU	1	2.08	964.703	1
2	MU	2	3.15	964.603	0.999896
2	MU	3	4.3	964.452	0.99974
2	MU	4	5.57	964.297	0.99958
2	MU	5	7.07	964.206	0.999484
2	MU	6	8.68	964.162	0.999439
2	MU	7	10.21	964.107	0.999382
2	MU	8	11.58	964.073	0.999347
2	MU	9	12.83	964.048	0.999321
2	MU	10	14.01	964.032	0.999304
2	MU	11	15.13	964.02	0.999292
2	MU	12	16.24	964.012	0.999283
2	MU	13	17.35	964.006	0.999278
2	MU	14	18.44	964.003	0.999274
2	MU	15	19.53	964	0.999271
2	MU	16	20.61	963.998	0.999269
2	MU	17	21.69	963.996	0.999267
2	MU	18	22.77	963.995	0.999266
2	MU	19	23.84	963.994	0.999265
2	MU	20	24.9	963.993	0.999264
2	MU	21	25.96	963.993	0.999264
2	MU	22	27.01	963.992	0.999263
2	MU	23	28.08	963.992	0.999263
2	MU	24	29.13	963.991	0.999262
2	MU	25	30.18	963.99	0.999261
2	MU	26	31.24	963.989	0.99926
2	MU	27	32.29	963.988	0.999259
2	MU	28	33.34	963.987	0.999258
2	MU	29	34.4	963.986	0.999256
2	HALS	1	2.32	964.703	1
2	HALS	2	3.46	964.648	0.999943
2	HALS	3	4.61	964.422	0.999708
2	HALS	4	5.75	964.119	0.999395
2	HALS	5	6.9	964.033	0.999306
2	HALS	6	8.05	963.998	0.999269
2	HALS	7	9.2	963.975	0.999245
2	HALS	8	10.35	963.957	0.999227
2	HALS	9	11.49	963.952	0.999221
2	HALS	10	12.63	963.95	0.99922
2	HALS	11	13.78	963.949	0.999219
2	HALS	12	14.92	963.949	0.999218
2	HALS	13	16.06	963.948	0.999218
2	HALS	14	17.2	963.948	0.999217
2	HALS	15	18.35	963.947	0.999216
2	HALS	16	19.49	963.947	0.999216
2	HALS	17	20.64	963.946	0.999215
2	HALS	18	21.78	963.945	0.999214
2	HALS	19	22.92	963.944	0.999213
2	HALS	20	24.07	963.943	0.999213
2	HALS	21	25.2	963.943	0.999212
2	HALS	22	26.34	963.943	0.999212
2	HALS	23	27.49	963.942	0.999212
2	HALS	24	28.63	963.942	0.999211
2	HALS	25	29.77	963.942	0.999211
2	HALS	26	30.92	963.942	0.999211
2	HALS	27	32.06	963.942	0.999211
2	HALS	28	33.21	963.941	0.99921
2	HALS	29	34.36	963.941	0.99921
#2	BPP	1	3.28	968.822	1.00427
2	BPP	2	4.92	963.989	0.99926
2	BPP	3	6.56	963.952	0.999221
2	BPP	4	8.2	963.942	0.999211
2	BPP	5	9.84	963.935	0.999204
2	BPP	6	11.48	963.931	0.9992
2	BPP	7	13.12	963.93	0.999198
2	BPP	8	14.76	963.929	0.999198
2	BPP	9	16.4	963.929	0.999197
2	BPP	10	18.05	963.928	0.999197
2	BPP	11	19.69	963.928	0.999197
2	BPP	12	21.33	963.928	0.999197
2	BPP	13	22.97	963.928	0.999196
2	BPP	14	24.61	963.928	0.999196
2	BPP	15	26.26	963.928	0.999196
2	BPP	16	27.9	963.928	0.999196
2	BPP	17	29.55	963.928	0.999196
2	BPP	18	31.18	963.927	0.999196
2	BPP	19	32.83	963.927	0.999196
2	BPP	20	34.47	963.927	0.999195
2	BPP	21	36.11	963.926	0.999195
2	BPP	22	37.75	963.926	0.999195
2	BPP	23	39.39	963.926	0.999195
2	BPP	24	41.03	963.926	0.999195
2	BPP	25	42.67	963.926	0.999194
2	BPP	26	44.31	963.926	0.999194
2	BPP	27	45.95	963.926	0.999194
2	BPP	28	47.59	963.926	0.999194
2	BPP	29	49.23	963.926	0.999194
3	MU	1	2.09	964.703	1
3	MU	2	3.14	964.606	0.9999
3	MU	3	4.28	964.45	0.999738
3	MU	4	5.56	964.312	0.999595
3	MU	5	7.05	964.218	0.999498
3	MU	6	8.68	964.16	0.999437
3	MU	7	10.21	964.126	0.999402
3	MU	8	11.58	964.102	0.999377
3	MU	9	12.84	964.082	0.999357
3	MU	10	14.01	964.063	0.999336
3	MU	11	15.14	964.047	0.99932
3	MU	12	16.27	964.037	0.99931
3	MU	13	17.43	964.031	0.999303
3	MU	14	18.52	964.026	0.999298
3	MU	15	19.61	964.022	0.999294
3	MU	16	20.69	964.017	0.999289
3	MU	17	21.78	964.014	0.999286
3	MU	18	22.86	964.012	0.999283
3	MU	19	23.93	964.01	0.999282
3	MU	20	25	964.009	0.999281
3	MU	21	26.06	964.008	0.99928
3	MU	22	27.12	964.008	0.999279
3	MU	23	28.18	964.007	0.999278
3	MU	24	29.24	964.006	0.999277
3	MU	25	30.3	964.005	0.999276
3	MU	26	31.35	964.004	0.999275
3	MU	27	32.41	964.003	0.999275
3	MU	28	33.46	964.003	0.999274
3	MU	29	34.51	964.003	0.999274
3	HALS	1	2.31	964.703	1
3	HALS	2	3.46	964.648	0.999943
3	HALS	3	4.6	964.433	0.99972
3	HALS	4	5.75	964.111	0.999386
3	HALS	5	6.91	964.006	0.999278
3	HALS	6	8.06	963.969	0.99924
3	HALS	7	9.22	963.956	0.999226
3	HALS	8	10.36	963.953	0.999222
3	HALS	9	11.5	963.951	0.99922
3	HALS	10	12.65	963.949	0.999219
3	HALS	11	13.79	963.948	0.999218
3	HALS	12	14.94	963.947	0.999217
3	HALS	13	16.09	963.946	0.999216
3	HALS	14	17.24	963.946	0.999215
3	HALS	15	18.37	963.945	0.999214
3	HALS	16	19.52	963.944	0.999213
3	HALS	17	20.67	963.943	0.999212
3	HALS	18	21.81	963.942	0.999211
3	HALS	19	22.95	963.941	0.99921
3	HALS	20	24.1	963.94	0.999209
3	HALS	21	25.24	963.938	0.999207
3	HALS	22	26.39	963.937	0.999206
3	HALS	23	27.54	963.936	0.999205
3	HALS	24	28.67	963.936	0.999205
3	HALS	25	29.82	963.936	0.999204
3	HALS	26	30.97	963.935	0.999204
3	HALS	27	32.11	963.935	0.999203
3	HALS	28	33.25	963.934	0.999203
3	HALS	29	34.4	963.933	0.999202
3	BPP	1	3.3	964.193	0.999471
3	BPP	2	4.94	963.977	0.999248
3	BPP	3	6.57	963.956	0.999226
3	BPP	4	8.21	963.949	0.999219
3	BPP	5	9.85	963.943	0.999212
3	BPP	6	11.5	963.937	0.999206
3	BPP	7	13.18	963.935	0.999203
3	BPP	8	14.81	963.933	0.999202
3	BPP	9	16.5	963.932	0.999201
3	BPP	10	18.15	963.931	0.9992
3	BPP	11	19.77	963.931	0.999199
3	BPP	12	21.41	963.93	0.999199
3	BPP	13	23.06	963.93	0.999198
3	BPP	14	24.7	963.929	0.999198
3	BPP	15	26.42	963.929	0.999197
3	BPP	16	28.06	963.928	0.999197
3	BPP	17	29.7	963.927	0.999196
3	BPP	18	31.34	963.927	0.999196
3	BPP	19	32.98	963.927	0.999195
3	BPP	20	34.61	963.926	0.999195
3	BPP	21	36.32	963.926	0.999195
3	BPP	22	37.97	963.926	0.999194
3	BPP	23	39.61	963.926	0.999194
3	BPP	24	41.25	963.925	0.999194
3	BPP	25	42.88	963.925	0.999194
3	BPP	26	44.53	963.925	0.999194
3	BPP	27	46.17	963.925	0.999193
3	BPP	28	47.8	963.925	0.999193
3	BPP	29	49.44	963.924	0.999193
4	MU	1	2.08	964.703	1
4	MU	2	3.13	964.599	0.999892
4	MU	3	4.27	964.441	0.999729
4	MU	4	5.55	964.318	0.9996
4	MU	5	7.04	964.233	0.999512
4	MU	6	8.66	964.169	0.999447
4	MU	7	10.2	964.121	0.999396
4	MU	8	11.58	964.081	0.999356
4	MU	9	12.83	964.054	0.999328
4	MU	10	14	964.035	0.999307
4	MU	11	15.13	964.022	0.999294
4	MU	12	16.25	964.014	0.999286
4	MU	13	17.36	964.008	0.999279
4	MU	14	18.45	964.003	0.999274
4	MU	15	19.55	963.999	0.99927
4	MU	16	20.63	963.996	0.999267
4	MU	17	21.7	963.993	0.999264
4	MU	18	22.78	963.991	0.999261
4	MU	19	23.85	963.989	0.99926
4	MU	20	24.92	963.987	0.999258
4	MU	21	25.98	963.986	0.999257
4	MU	22	27.04	963.985	0.999255
4	MU	23	28.1	963.984	0.999254
4	MU	24	29.16	963.983	0.999254
4	MU	25	30.21	963.983	0.999253
4	MU	26	31.27	963.982	0.999253
4	MU	27	32.32	963.982	0.999253
4	MU	28	33.38	963.982	0.999252
4	MU	29	34.43	963.981	0.999252
4	HALS	1	2.34	964.703	1
4	HALS	2	3.48	964.648	0.999943
4	HALS	3	4.62	964.426	0.999712
4	HALS	4	5.77	964.129	0.999405
4	HALS	5	6.92	964.055	0.999328
4	HALS	6	8.06	964.027	0.9993
4	HALS	7	9.21	964.007	0.999279
4	HALS	8	10.36	963.987	0.999258
4	HALS	9	11.5	963.975	0.999246
4	HALS	10	12.65	963.965	0.999235
4	HALS	11	13.8	963.962	0.999232
4	HALS	12	14.95	963.96	0.99923
4	HALS	13	16.09	963.958	0.999228
4	HALS	14	17.23	963.957	0.999226
4	HALS	15	18.36	963.955	0.999225
4	HALS	16	19.51	963.954	0.999224
4	HALS	17	20.65	963.953	0.999222
4	HALS	18	21.79	963.951	0.999221
4	HALS	19	22.92	963.949	0.999219
4	HALS	20	24.06	963.947	0.999217
4	HALS	21	25.2	963.945	0.999215
4	HALS	22	26.35	963.945	0.999214
4	HALS	23	27.49	963.944	0.999213
4	HALS	24	28.63	963.944	0.999213
4	HALS	25	29.77	963.943	0.999213
4	HALS	26	30.92	963.943	0.999212
4	HALS	27	32.06	963.942	0.999212
4	HALS	28	33.21	963.942	0.999211
4	HALS	29	34.35	963.941	0.99921
4	BPP	1	3.29	964.661	0.999956
4	BPP	2	4.93	963.993	0.999264
4	BPP	3	6.57	963.949	0.999218
4	BPP	4	8.2	963.942	0.999211
4	BPP	5	9.84	963.938	0.999207
4	BPP	6	11.48	963.935	0.999204
4	BPP	7	13.13	963.932	0.999201
4	BPP	8	14.77	963.931	0.9992
4	BPP	9	16.4	963.93	0.999199
4	BPP	10	18.04	963.93	0.999198
4	BPP	11	19.68	963.929	0.999198
4	BPP	12	21.32	963.929	0.999198
4	BPP	13	22.96	963.929	0.999198
4	BPP	14	24.6	963.929	0.999197
4	BPP	15	26.23	963.929	0.999197
4	BPP	16	27.88	963.929	0.999197
4	BPP	17	29.52	963.929	0.999197
4	BPP	18	31.19	963.928	0.999197
4	BPP	19	32.84	963.928	0.999197
4	BPP	20	34.48	963.928	0.999197
4	BPP	21	36.16	963.928	0.999196
4	BPP	22	37.8	963.927	0.999196
4	BPP	23	39.44	963.926	0.999194
4	BPP	24	41.08	963.925	0.999194
4	BPP	25	42.72	963.925	0.999193
4	BPP	26	44.36	963.924	0.999193
4	BPP	27	46.01	963.924	0.999193
4	BPP	28	47.66	963.924	0.999193
4	BPP	29	49.3	963.924	0.999192
5	MU	1	2.09	964.703	1
5	MU	2	3.13	964.607	0.999901
5	MU	3	4.27	964.452	0.99974
5	MU	4	5.55	964.29	0.999572
5	MU	5	7.04	964.207	0.999486
5	MU	6	8.66	964.161	0.999438
5	MU	7	10.2	964.12	0.999396
5	MU	8	11.57	964.092	0.999366
5	MU	9	12.83	964.071	0.999344
5	MU	10	14	964.052	0.999326
5	MU	11	15.13	964.037	0.99931
5	MU	12	16.24	964.025	0.999297
5	MU	13	17.36	964.016	0.999287
5	MU	14	18.45	964.009	0.999281
5	MU	15	19.54	964.005	0.999276
5	MU	16	20.63	964.002	0.999273
5	MU	17	21.71	964	0.999271
5	MU	18	22.79	963.998	0.99927
5	MU	19	23.88	963.998	0.999269
5	MU	20	24.94	963.997	0.999268
5	MU	21	26.01	963.996	0.999268
5	MU	22	27.06	963.996	0.999267
5	MU	23	28.13	963.995	0.999267
5	MU	24	29.18	963.995	0.999266
5	MU	25	30.24	963.994	0.999265
5	MU	26	31.29	963.993	0.999264
5	MU	27	32.35	963.992	0.999263
5	MU	28	33.41	963.991	0.999262
5	MU	29	34.47	963.99	0.999261
5	HALS	1	2.32	964.703	1
5	HALS	2	3.46	964.648	0.999943
5	HALS	3	4.61	964.432	0.999719
5	HALS	4	5.75	964.122	0.999398
5	HALS	5	6.9	964.042	0.999315
5	HALS	6	8.05	964.019	0.999291
5	HALS	7	9.19	963.999	0.999271
5	HALS	8	10.34	963.985	0.999255
5	HALS	9	11.49	963.97	0.99924
5	HALS	10	12.64	963.957	0.999227
5	HALS	11	13.79	963.946	0.999215
5	HALS	12	14.94	963.941	0.99921
5	HALS	13	16.08	963.939	0.999208
5	HALS	14	17.23	963.939	0.999208
5	HALS	15	18.38	963.938	0.999207
5	HALS	16	19.52	963.937	0.999206
5	HALS	17	20.66	963.936	0.999205
5	HALS	18	21.82	963.936	0.999205
5	HALS	19	22.96	963.936	0.999205
5	HALS	20	24.11	963.935	0.999204
5	HALS	21	25.26	963.935	0.999204
5	HALS	22	26.47	963.934	0.999203
5	HALS	23	27.61	963.933	0.999202
5	HALS	24	28.76	963.932	0.999201
5	HALS	25	29.9	963.932	0.999201
5	HALS	26	31.05	963.932	0.999201
5	HALS	27	32.2	963.932	0.999201
5	HALS	28	33.33	963.932	0.999201
5	HALS	29	34.47	963.932	0.999201
5	BPP	1	3.28	964.135	0.999412
5	BPP	2	4.92	963.97	0.99924
5	BPP	3	6.57	963.956	0.999225
5	BPP	4	8.21	963.95	0.99922
5	BPP	5	9.85	963.947	0.999217
5	BPP	6	11.49	963.945	0.999214
5	BPP	7	13.14	963.943	0.999212
5	BPP	8	14.78	963.94	0.99921
5	BPP	9	16.47	963.939	0.999208
5	BPP	10	18.12	963.937	0.999206
5	BPP	11	19.77	963.935	0.999204
5	BPP	12	21.41	963.934	0.999203
5	BPP	13	23.05	963.933	0.999202
5	BPP	14	24.7	963.933	0.999201
5	BPP	15	26.34	963.932	0.999201
5	BPP	16	27.99	963.931	0.999199
5	BPP	17	29.64	963.929	0.999197
5	BPP	18	31.29	963.927	0.999196
5	BPP	19	32.93	963.926	0.999194
5	BPP	20	34.58	963.925	0.999194
5	BPP	21	36.26	963.925	0.999194
5	BPP	22	37.9	963.925	0.999194
5	BPP	23	39.53	963.925	0.999193
5	BPP	24	41.18	963.925	0.999193
5	BPP	25	42.83	963.925	0.999193
5	BPP	26	44.47	963.925	0.999193
5	BPP	27	46.11	963.925	0.999193
5	BPP	28	47.76	963.925	0.999193
5	BPP	29	49.4	963.925	0.999193
