#algo represents nodefactor-edgefactor-partitionscheme-bpp-lowrannk
algo allgather allreduce comm comp d gram mm nnls reducescatter total_time
20-16-cp1d-2-16 0.748836 0.0247453 2.69453 27.2518 30.2528 0.102548 7.3519 19.7973 1.92095 29.94633
20-16-cp1d-2-48 1.91032 0.0588459 4.49056 81.5945 86.9437 0.523577 22.7033 58.3677 2.5216 86.08506
20-16-cp1d-2-8 0.428111 0.0240797 2.23204 17.8501 20.3319 0.0536253 4.61287 13.1836 1.77985 20.08214
20-16-cp2d-2-16 0.606969 0.00469216 2.57667 27.3524 30.1894 0.0922993 7.17729 20.0828 1.965 29.92907
20-16-cp2d-2-48 1.71132 0.0187837 3.97666 79.53 84.3695 0.51074 22.5631 56.4562 2.24655 83.50666
20-16-cp2d-2-8 0.355526 0.00457578 2.13035 18.2681 20.5748 0.0449484 4.58661 13.6365 1.77025 20.39845
20-16-cr-2-16 0.664125 0.0450406 2.7372 27.3521 30.5079 0.107821 7.52241 19.7219 2.02804 30.0893
20-16-cr-2-48 1.89788 0.0184921 4.26673 79.3835 84.5054 0.491565 23.0012 55.8908 2.35036 83.65023
20-16-cr-2-8 0.379727 0.0101282 2.25773 18.0739 20.5762 0.0534669 4.67986 13.3406 1.86787 20.33163
20-16-cu-2-16 0.771275 0.00482792 2.53775 26.6221 29.4628 0.0903105 7.55767 18.9741 1.76164 29.15985
20-16-cu-2-48 2.26086 0.0384045 4.80238 80.8154 86.5512 0.509499 23.0784 57.2275 2.50312 85.61778
20-16-cu-2-8 0.460917 0.00405604 1.58577 18.1055 19.9507 0.0451359 4.8002 13.2601 1.1208 19.69127
20-16-fp-2-16 1.47709 0.025085 4.73003 29.1283 34.3924 0.109252 8.41641 20.6047 3.22785 33.85833
20-16-fp-2-48 2.9122 0.0600779 7.90838 83.0165 91.9067 0.515292 24.0135 58.4857 4.9361 90.92488
20-16-fp-2-8 0.866224 0.0443663 4.67167 19.9942 25.0716 0.0841234 4.87137 15.0387 3.76108 24.66587
20-16-fr-2-16 3.00524 0.0248927 8.44897 29.3615 38.1793 0.0989207 8.18676 21.0758 5.41883 37.81047
20-16-fr-2-48 9.05088 0.068719 20.9027 85.2981 107.08 0.501953 24.6935 60.1026 11.7831 106.2008
20-16-fr-2-8 2.06459 0.0531707 7.84892 21.2479 29.5719 0.080646 5.31628 15.853 5.73117 29.09682
20-32-cp1d-2-16 0.977442 0.0445476 2.89337 32.187 35.4645 0.111211 16.1024 17.9734 1.87138 35.08037
20-32-cp1d-2-48 2.64626 0.019942 5.30066 97.1295 103.269 0.509594 43.9692 52.6507 2.63446 102.43016
20-32-cp1d-2-8 0.481383 0.0238683 1.16075 20.8623 22.274 0.0708475 8.85325 11.9382 0.655499 22.02305
20-32-cp2d-2-16 0.780991 0.0245893 2.66849 32.6402 35.6721 0.104609 13.7111 18.8245 1.86291 35.30869
20-32-cp2d-2-48 2.38163 0.0193788 5.24608 96.8157 102.935 0.536618 42.9935 53.2856 2.84506 102.06178
20-32-cp2d-2-8 0.541269 0.0241879 1.34644 20.9662 22.616 0.0556002 8.87967 12.0309 0.780985 22.31264
20-32-cr-2-16 0.809553 0.0326185 2.41674 31.7235 34.573 0.0879176 13.8808 17.7548 1.57457 34.14024
20-32-cr-2-48 2.62821 0.116462 5.52073 95.5186 102.018 0.5138 43.6236 51.3811 2.77805 101.03933
20-32-cr-2-8 0.510982 0.0239627 1.2532 20.7793 22.2487 0.0529743 8.84123 11.8851 0.718258 22.0325
20-32-cu-2-16 1.00243 0.0243969 2.54544 31.9954 34.8492 0.108903 13.958 17.9285 1.51861 34.54084
20-32-cu-2-48 3.06244 0.0186261 6.03032 96.6989 103.568 0.497993 43.4869 52.716 2.94925 102.72922
20-32-cu-2-8 0.561617 0.0439843 1.17319 20.8621 22.3229 0.0834402 8.65455 12.1241 0.567584 22.03529
20-32-fp-2-16 1.60738 0.0569508 4.73362 33.9055 39.0169 0.121304 16.2748 19.5094 3.06929 38.63912
20-32-fp-2-48 4.13861 0.0207347 9.79826 98.3768 109.057 0.50842 43.2634 54.605 5.63892 108.17506
20-32-fp-2-8 0.979581 0.016342 2.27395 21.3742 23.8801 0.053167 9.05545 12.2656 1.27802 23.64815
20-32-fr-2-16 4.1341 0.0050237 10.3123 34.1648 44.7213 0.0883059 15.2131 18.8634 6.17321 44.4771
20-32-fr-2-48 13.7063 0.0807053 28.8164 99.0505 128.768 0.505415 44.8707 53.6743 15.0274 127.8669
20-32-fr-2-8 2.66236 0.0621667 7.60547 23.0467 31.0116 0.0904519 9.66902 13.2872 4.88097 30.65217
20-4-cp1d-2-16 0.31985 0.00473717 1.77008 24.0494 26.16 0.0906913 2.06508 21.8936 1.44549 25.81948
20-4-cp1d-2-48 0.952698 0.0190884 2.88666 72.1646 75.9418 0.503009 6.28594 65.3556 1.91688 75.05126
20-4-cp1d-2-8 0.309916 0.0762255 2.10553 16.1931 18.9202 0.121706 1.38646 16.685 1.71939 18.29863
20-4-cp2d-2-16 0.233549 0.00479886 1.84273 24.4181 26.5343 0.103108 1.98366 22.3316 1.60439 26.26083
20-4-cp2d-2-48 0.717644 0.0186317 3.06362 73.2718 77.1943 0.548169 6.15197 66.5717 2.32734 76.33542
20-4-cp2d-2-8 0.475294 0.0642821 2.13963 15.9289 18.6654 0.0862242 1.38083 16.4619 1.60006 18.06853
20-4-cr-2-16 0.409811 0.0247075 1.9833 24.3331 26.731 0.105369 2.1771 22.0507 1.54878 26.3164
20-4-cr-2-48 0.8662 0.0188206 2.74093 71.9416 75.5733 0.503743 6.35136 65.0863 1.85591 74.68253
20-4-cr-2-8 0.264311 0.0278277 2.02079 16.4182 18.8972 0.0819172 1.36823 16.9681 1.72865 18.43899
20-4-cu-2-16 0.419934 0.00479171 2.1694 24.2136 26.7089 0.091301 2.06773 22.0546 1.74468 26.383
20-4-cu-2-48 1.12449 0.0276708 3.43244 71.104 75.5544 0.506608 6.41737 64.18 2.28027 74.53644
20-4-cu-2-8 0.28113 0.0380023 1.73118 15.7048 17.6975 0.0749982 1.27598 16.3539 1.41205 17.43598
20-4-fp-2-16 1.04159 0.0447693 4.83798 25.7267 31.2973 0.11977 2.24715 23.3598 3.75162 30.56468
20-4-fp-2-48 2.076 0.0564097 8.92411 75.0068 84.9071 0.51204 6.49337 68.0016 6.79169 83.93091
20-4-fp-2-8 0.350875 0.0839139 0.748868 15.1398 16.3793 0.0933503 1.24613 13.8003 0.316079 15.888668
20-4-fr-2-16 2.11644 0.00502315 7.30669 25.3475 33.2602 0.0898049 2.76961 22.4881 5.18722 32.65419
20-4-fr-2-48 3.85913 0.0191881 8.69528 73.0667 82.6277 0.490803 7.13797 65.4379 4.81696 81.76198
20-4-fr-2-8 1.85311 0.0442694 8.96625 17.3679 26.7919 0.065634 1.5188 15.7834 7.06887 26.33415
20-64-cp1d-2-16 1.13406 0.0245288 2.3161 43.0098 45.7424 0.120286 26.0115 16.878 1.15751 45.3259
20-64-cp1d-2-48 3.45779 0.0195976 6.78958 125.337 133.005 0.513421 76.5713 48.2524 3.3122 132.12658
20-64-cp1d-2-8 0.652903 0.0438216 1.30931 28.6018 30.2727 0.0636822 16.7571 11.781 0.612585 29.91111
20-64-cp2d-2-16 0.955169 0.0276392 1.90854 42.8446 45.1277 0.100607 26.1799 16.564 0.925732 44.75314
20-64-cp2d-2-48 3.3472 0.0180166 6.56168 123.326 130.739 0.518885 74.6082 48.1987 3.19626 129.88768
20-64-cp2d-2-8 0.626446 0.0311505 1.24033 27.9893 29.575 0.0650392 16.2606 11.6636 0.582735 29.22963
20-64-cr-2-16 1.11675 0.0441743 2.07313 43.1267 45.5482 0.108242 26.7264 16.2921 0.912205 45.19983
20-64-cr-2-48 3.64325 0.0689575 6.95966 123.48 131.343 0.500563 76.8763 46.1035 3.24745 130.43966
20-64-cr-2-8 0.652535 0.0238194 1.27712 28.4385 29.9171 0.0524675 16.9157 11.4703 0.600765 29.71562
20-64-cu-2-16 1.4944 0.0441824 2.52242 43.0832 45.9769 0.109115 26.5765 16.3976 0.983838 45.60562
20-64-cu-2-48 3.75245 0.0579379 7.91613 122.831 131.662 0.495823 75.6229 46.712 4.10375 130.74713
20-64-cu-2-8 0.678973 0.00394179 1.27588 28.2873 29.7448 0.046432 16.8384 11.4025 0.592961 29.56318
20-64-fp-2-16 1.91007 0.00516818 4.31707 43.8837 48.5046 0.100716 27.3121 16.471 2.40185 48.20077
20-64-fp-2-48 5.70282 0.0582327 13.1642 128.068 162.212 0.513352 78.6278 48.9271 7.38311 141.2322
20-64-fp-2-8 1.34258 0.0841688 2.97703 29.8108 33.2199 0.0933848 18.0053 11.7121 1.55028 32.78783
20-64-fr-2-16 5.70542 0.0248186 13.2477 46.8692 60.4413 0.109087 28.8124 17.9477 7.51743 60.1169
20-64-fr-2-48 20.7033 0.019238 41.8097 128.065 170.763 0.498754 77.4097 50.1564 21.0872 169.8747
20-64-fr-2-8 3.48782 0.0263429 6.86645 31.6483 38.8049 0.0950528 20.0324 11.5208 3.35228 38.51475
20-8-cp1d-2-16 0.398688 0.00479954 1.72165 24.5279 26.5602 0.0918768 3.88237 20.5536 1.31796 26.24955
20-8-cp1d-2-48 1.3188 0.0186212 3.58396 74.3565 78.7727 0.497783 12.0035 61.8552 2.24655 77.94046
20-8-cp1d-2-8 0.349563 0.0249379 1.69166 16.2577 18.1807 0.0536724 2.42861 13.7755 1.31716 17.94936
20-8-cp2d-2-16 0.482237 0.0247277 2.18709 25.3863 27.9378 0.107204 3.88893 21.3901 1.68012 27.57339
20-8-cp2d-2-48 1.1681 0.0980635 3.18941 74.8686 78.9325 0.560844 11.8467 62.461 1.94324 78.05801
20-8-cp2d-2-8 0.434624 0.0242011 2.05931 16.5327 18.8854 0.0568458 2.37583 16.1 1.60048 18.59201
20-8-cr-2-16 0.495068 0.0445578 2.36605 24.8249 27.6507 0.137101 3.9575 20.7303 1.82642 27.19095
20-8-cr-2-48 1.37726 0.0187988 2.85342 74.738 78.431 0.493783 12.07 62.1742 1.45736 77.59142
20-8-cr-2-8 0.268905 0.00818835 1.8784 16.4635 18.5999 0.0627757 2.45055 13.9502 1.6013 18.3419
20-8-cu-2-16 0.568283 0.024407 1.59332 24.0116 25.9027 0.100062 3.86292 20.0486 1.00063 25.60492
20-8-cu-2-48 1.6972 0.0191896 4.41506 74.6733 79.9487 0.496579 12.3302 61.8465 2.69866 79.08836
20-8-cu-2-8 0.428379 0.0651679 1.73766 16.4942 18.7464 0.0646196 2.558 13.8715 1.24411 18.23186
20-8-fp-2-16 1.21162 0.0450717 4.90772 26.9786 32.4903 0.110611 4.20736 22.6606 3.65103 31.88632
20-8-fp-2-48 1.98168 0.0190694 6.82647 76.6759 84.3837 0.511172 12.2002 63.9646 4.82591 83.50237
20-8-fp-2-8 0.665854 0.0482938 3.52421 17.5166 21.6303 0.0844171 2.71626 16.7139 2.81006 21.04081
20-8-fr-2-16 2.16435 0.00528325 6.99968 26.6547 34.0003 0.0897023 4.4104 22.1546 4.83004 33.65438
20-8-fr-2-48 5.79562 0.0694078 13.5549 75.0763 89.5166 0.495343 12.7294 61.8516 7.68984 88.6312
20-8-fr-2-8 1.55786 0.0517249 7.89456 19.0285 27.3564 0.0749123 2.73322 16.2204 6.28498 26.92306
